"CRUK0240_SU_LN1_cov","CRUK0240_SU_LN2_cov","CRUK0240_SU_T1.R1_cov","CRUK0240_SU_T1.R2_cov","CRUK0240_SU_T1.R3_cov","CRUK0240_SU_T1.R4_cov","CRUK0240_SU_LN1_var_count","CRUK0240_SU_LN2_var_count","CRUK0240_SU_T1.R1_var_count","CRUK0240_SU_T1.R2_var_count","CRUK0240_SU_T1.R3_var_count","CRUK0240_SU_T1.R4_var_count","CRUK0240_SU_LN1_VAF","CRUK0240_SU_LN2_VAF","CRUK0240_SU_T1.R1_VAF","CRUK0240_SU_T1.R2_VAF","CRUK0240_SU_T1.R3_VAF","CRUK0240_SU_T1.R4_VAF","CRUK0240_SU_LN1_PhyloCCF","CRUK0240_SU_LN2_PhyloCCF","CRUK0240_SU_T1.R1_PhyloCCF","CRUK0240_SU_T1.R2_PhyloCCF","CRUK0240_SU_T1.R3_PhyloCCF","CRUK0240_SU_T1.R4_PhyloCCF","CRUK0240_SU_LN1_PycloneCCF","CRUK0240_SU_LN2_PycloneCCF","CRUK0240_SU_T1.R1_PycloneCCF","CRUK0240_SU_T1.R2_PycloneCCF","CRUK0240_SU_T1.R3_PycloneCCF","CRUK0240_SU_T1.R4_PycloneCCF","CRUK0240_SU_LN1_Pyclone_0.05","CRUK0240_SU_LN2_Pyclone_0.05","CRUK0240_SU_T1.R1_Pyclone_0.05","CRUK0240_SU_T1.R2_Pyclone_0.05","CRUK0240_SU_T1.R3_Pyclone_0.05","CRUK0240_SU_T1.R4_Pyclone_0.05","CRUK0240_SU_LN1_Pyclone_0.95","CRUK0240_SU_LN2_Pyclone_0.95","CRUK0240_SU_T1.R1_Pyclone_0.95","CRUK0240_SU_T1.R2_Pyclone_0.95","CRUK0240_SU_T1.R3_Pyclone_0.95","CRUK0240_SU_T1.R4_Pyclone_0.95","CRUK0240_SU_LN1_cpn.copies","CRUK0240_SU_LN2_cpn.copies","CRUK0240_SU_T1.R1_cpn.copies","CRUK0240_SU_T1.R2_cpn.copies","CRUK0240_SU_T1.R3_cpn.copies","CRUK0240_SU_T1.R4_cpn.copies","CRUK0240_SU_LN1_mut.cpn.num","CRUK0240_SU_LN2_mut.cpn.num","CRUK0240_SU_T1.R1_mut.cpn.num","CRUK0240_SU_T1.R2_mut.cpn.num","CRUK0240_SU_T1.R3_mut.cpn.num","CRUK0240_SU_T1.R4_mut.cpn.num","CRUK0240_SU_LN1_nAraw","CRUK0240_SU_LN2_nAraw","CRUK0240_SU_T1.R1_nAraw","CRUK0240_SU_T1.R2_nAraw","CRUK0240_SU_T1.R3_nAraw","CRUK0240_SU_T1.R4_nAraw","CRUK0240_SU_LN1_nBraw","CRUK0240_SU_LN2_nBraw","CRUK0240_SU_T1.R1_nBraw","CRUK0240_SU_T1.R2_nBraw","CRUK0240_SU_T1.R3_nBraw","CRUK0240_SU_T1.R4_nBraw","PycloneCluster"
461,388,467,381,427,390,0,0,0,23,0,0,0,0,0,0.0603674540682415,0,0,0,0,0,0.25267018317341,0,0,0,0,0,0.25267018317341,0,0,0,0,0,0.25267018317341,0,0,0,0,0,0.25267018317341,0,0,1,1,1,1,1,1,0,0,0,0.25267018317341,0,0,2,1,2,2,1,1,1,1,1,1,1,1,2
156,114,143,103,102,115,16,26,31,27,20,26,0.102564102564103,0.228070175438596,0.216783216783217,0.262135922330097,0.196078431372549,0.226086956521739,0.936304202410053,1.07050659521196,0.970385188416704,1.09717947416837,1.13426343996118,1.02045421246578,0.936304202410053,1.07050659521196,0.970385188416704,1.09717947416837,1.13426343996118,1.02045421246578,0.936304202410053,1.07050659521196,0.970385188416704,1.09717947416837,1.13426343996118,1.02045421246578,0.936304202410053,1.07050659521196,0.970385188416704,1.09717947416837,1.13426343996118,1.02045421246578,1,1,1,1,1,1,0.936304202410053,1.17123706798979,1.05902099352262,1.09717947416837,1.13426343996118,1.02045421246578,2,1,2,2,1,1,1,1,1,1,1,1,1
222,235,249,207,214,179,20,53,52,42,35,42,0.0900900900900901,0.225531914893617,0.208835341365462,0.202898550724638,0.163551401869159,0.23463687150838,0.822429366981804,1.05859261019159,1.02019433965983,0.849239292405148,0.946102916042382,0.94070809083161,0.822429366981804,1.05859261019159,1.02019433965983,0.849239292405148,0.946102916042382,0.94070809083161,0.822429366981804,1.05859261019159,1.02019433965983,0.849239292405148,0.946102916042382,0.94070809083161,0.822429366981804,1.05859261019159,1.02019433965983,0.849239292405148,0.946102916042382,0.94070809083161,1,1,1,1,1,1,0.822429366981804,1.15820202369792,1.02019433965983,0.849239292405148,0.946102916042382,1.06499434879207,2,1,2,2,1,1,1,1,1,1,1,1,1
974,934,1061,885,972,881,235,218,532,343,200,226,0.241273100616016,0.233404710920771,0.501413760603205,0.387570621468927,0.205761316872428,0.256526674233825,1.21805490825389,1.05352565267845,1.09726899411591,0.981320324048386,1.0977266612271,1.15637343431145,1.21805490825389,1.05352565267845,1.09726899411591,0.981320324048386,1.0977266612271,1.15637343431145,1.21805490825389,1.05352565267845,1.09726899411591,0.981320324048386,1.0977266612271,1.15637343431145,1.21805490825389,1.05352565267845,1.09726899411591,0.981320324048386,1.0977266612271,1.15637343431145,1,1,1,1,1,1,2.28269595506029,1.20797373030123,2.41416197950131,1.56245252947399,1.22097084322508,1.15637343431145,2,1,2,2,1,1,1,1,1,1,1,1,1
928,725,827,721,801,746,0,0,0,25,0,0,0,0,0,0.0346740638002774,0,0,0,0,0,0.139785049977607,0,0,0,0,0,0.139785049977607,0,0,0,0,0,0.139785049977607,0,0,0,0,0,0.139785049977607,0,0,1,1,1,1,1,1,0,0,0,0.139785049977607,0,0,2,1,2,2,1,1,1,1,1,1,1,1,2
276,228,234,263,248,216,72,71,99,119,52,47,0.260869565217391,0.31140350877193,0.423076923076923,0.452471482889734,0.209677419354839,0.217592592592593,1.31698665750893,1.41178313324413,1.01753646186326,1.14564788354993,1.11861887832787,0.979752647556575,1.31698665750893,1.41178313324413,1.01753646186326,1.14564788354993,1.11861887832787,0.979752647556575,1.31698665750893,1.41178313324413,1.01753646186326,1.14564788354993,1.11861887832787,0.979752647556575,1.31698665750893,1.41178313324413,1.01753646186326,1.14564788354993,1.11861887832787,0.979752647556575,1,1,1,1,1,1,2.4680990122798,1.61875217134534,2.03507292372653,1.82409391681044,1.24420867540259,0.979752647556575,2,1,2,2,1,1,1,1,1,1,1,1,1
684,534,640,539,555,537,70,130,177,118,95,129,0.10233918128655,0.243445692883895,0.2765625,0.218923933209648,0.171171171171171,0.240223463687151,0.97107512457734,1.0988479258858,1.10845113990358,0.882570128533938,1.01938921937978,1.0836705212574,0.97107512457734,1.0988479258858,1.10845113990358,0.882570128533938,1.01938921937978,1.0836705212574,0.97107512457734,1.0988479258858,1.10845113990358,0.882570128533938,1.01938921937978,1.0836705212574,0.97107512457734,1.0988479258858,1.10845113990358,0.882570128533938,1.01938921937978,1.0836705212574,1,1,1,1,1,1,0.97107512457734,1.25994030111307,1.33031329474282,0.882570128533938,1.01938921937978,1.0836705212574,2,1,2,2,1,1,1,1,1,1,1,1,1
804,899,940,848,876,837,0,0,1,0,23,0,0,0,0.00106382978723404,0,0.0262557077625571,0,0,0,0,0,0.15539718453779,0,0,0,0,0,0.15539718453779,0,0,0,0,0,0.15539718453779,0,0,0,0,0,0.15539718453779,0,1,1,1,1,1,1,0,0,0.00506581716753609,0,0.15539718453779,0,2,1,2,2,1,1,1,1,1,1,1,1,13
78,69,83,60,50,60,5,13,38,14,8,18,0.0641025641025641,0.188405797101449,0.457831325301205,0.233333333333333,0.16,0.3,0.627178347405715,0.960992617746126,0.995988420519878,0.994463658215508,0.946976929774634,1.26855794492699,0.627178347405715,0.960992617746126,0.995988420519878,0.994463658215508,0.946976929774634,1.26855794492699,0.627178347405715,0.960992617746126,0.995988420519878,0.994463658215508,0.946976929774634,1.26855794492699,0.627178347405715,0.960992617746126,0.995988420519878,0.994463658215508,0.946976929774634,1.26855794492699,1,1,1,1,1,1,0.627178347405715,0.960992617746126,2.18013240029384,0.994463658215508,0.946976929774634,1.3870047419692,2,1,2,2,1,1,1,1,1,1,1,1,1
460,408,495,457,417,489,92,88,245,168,67,115,0.2,0.215686274509804,0.494949494949495,0.367614879649891,0.160671462829736,0.235173824130879,0.978398221952915,1.02908531762385,1.07673708300222,0.906520394134908,0.950951053580643,1.00161875928965,0.978398221952915,1.02908531762385,1.07673708300222,0.906520394134908,0.950951053580643,1.00161875928965,0.978398221952915,1.02908531762385,1.07673708300222,0.906520394134908,0.950951053580643,1.00161875928965,0.978398221952915,1.02908531762385,1.07673708300222,0.906520394134908,0.950951053580643,1.00161875928965,1,1,1,1,1,1,1.95679644390583,1.10014087008946,2.35688422966376,1.56676987727607,0.950951053580643,1.08729069752187,2,1,2,2,1,1,1,1,1,1,1,1,1
660,592,757,590,609,547,139,148,334,261,91,142,0.210606060606061,0.25,0.441215323645971,0.442372881355932,0.149425287356322,0.259597806215722,0.999186062046818,1.19280343633673,0.961110797606936,1.09086998639255,0.884389374071138,1.09771619853524,0.999186062046818,1.19280343633673,0.961110797606936,1.09086998639255,0.884389374071138,1.09771619853524,0.999186062046818,1.19280343633673,0.961110797606936,1.09086998639255,0.884389374071138,1.09771619853524,0.999186062046818,1.19280343633673,0.961110797606936,1.09086998639255,0.884389374071138,1.09771619853524,1,1,1,1,1,1,2.06056595229478,1.27516328124005,2.10378830412649,1.88538751666524,0.884389374071138,1.2002112940867,2,1,2,2,1,1,1,1,1,1,1,1,1
107,114,121,89,104,85,18,29,56,29,19,21,0.168224299065421,0.254385964912281,0.462809917355372,0.325842696629214,0.182692307692308,0.247058823529412,0.822951775474415,1.21372981241281,1.00681909059948,0.803512224683651,0.997122518814188,1.04469477817517,0.822951775474415,1.21372981241281,1.00681909059948,0.803512224683651,0.997122518814188,1.04469477817517,0.822951775474415,1.21372981241281,1.00681909059948,0.803512224683651,0.997122518814188,1.04469477817517,0.822951775474415,1.21372981241281,1.00681909059948,0.803512224683651,0.997122518814188,1.04469477817517,1,1,1,1,1,1,1.64590355094883,1.29753456687584,2.20383979916611,1.38873737182583,1.0812837539494,1.14223919926876,2,1,2,2,1,1,1,1,1,1,1,1,1
337,346,428,303,400,332,80,84,218,125,78,74,0.237388724035608,0.242774566473988,0.509345794392523,0.412541254125413,0.195,0.22289156626506,1.1262520350121,1.15832934858133,1.10805548947901,1.01730664613698,1.03054884742457,1.03050553118194,1.1262520350121,1.15832934858133,1.10805548947901,1.01730664613698,1.03054884742457,1.03050553118194,1.1262520350121,1.15832934858133,1.10805548947901,1.01730664613698,1.03054884742457,1.03050553118194,1.1262520350121,1.15832934858133,1.10805548947901,1.01730664613698,1.03054884742457,1.03050553118194,1,1,1,1,1,1,2.3226070550811,1.23830885114641,2.42543750927919,1.75824550603873,1.15412813316284,1.03050553118194,2,1,2,2,1,1,1,1,1,1,1,1,1
1114,1014,1137,935,1028,997,130,194,235,195,165,213,0.116696588868941,0.191321499013807,0.206684256816183,0.20855614973262,0.160505836575875,0.213640922768305,1.07581935944624,0.975864601816845,0.984203177052526,0.88886362117047,0.949970777072074,0.987736576527718,1.07581935944624,0.975864601816845,0.984203177052526,0.88886362117047,0.949970777072074,0.987736576527718,1.07581935944624,0.975864601816845,0.984203177052526,0.88886362117047,0.949970777072074,0.987736576527718,1.07581935944624,0.975864601816845,0.984203177052526,0.88886362117047,0.949970777072074,0.987736576527718,1,1,1,1,1,1,1.14278318826486,0.975864601816845,0.984203177052526,0.88886362117047,0.949970777072074,0.987736576527718,2,1,2,2,1,1,1,1,1,1,1,1,1
740,811,845,741,768,714,86,175,182,154,145,132,0.116216216216216,0.215782983970407,0.215384615384615,0.207827260458839,0.188802083333333,0.184873949579832,1.07042907949558,1.02954673913158,1.02563313730423,0.885757104483449,0.997793689079614,0.854736815779341,1.07042907949558,1.02954673913158,1.02563313730423,0.885757104483449,0.997793689079614,0.854736815779341,1.07042907949558,1.02954673913158,1.02563313730423,0.885757104483449,0.997793689079614,0.854736815779341,1.07042907949558,1.02954673913158,1.02563313730423,0.885757104483449,0.997793689079614,0.854736815779341,1,1,1,1,1,1,1.13705739308042,1.10063415150189,1.02563313730423,0.885757104483449,1.11744510756284,0.854736815779341,2,1,2,2,1,1,1,1,1,1,1,1,1
654,590,613,600,685,585,63,125,125,102,113,150,0.0963302752293578,0.211864406779661,0.203915171288744,0.17,0.164963503649635,0.256410256410256,0.942493700046386,1.01085036977689,0.971017156909446,0.724537808128442,0.976353951318738,1.08423755976666,0.942493700046386,1.01085036977689,0.971017156909446,0.724537808128442,0.976353951318738,1.08423755976666,0.942493700046386,1.01085036977689,0.971017156909446,0.724537808128442,0.976353951318738,1.08423755976666,0.942493700046386,1.01085036977689,0.971017156909446,0.724537808128442,0.976353951318738,1.08423755976666,1,1,1,1,1,1,0.942493700046386,1.08064684850852,0.971017156909446,0.724537808128442,0.976353951318738,1.18547413843522,2,1,2,2,1,1,1,1,1,1,1,1,1
2035,1912,2034,1850,2042,1840,0,0,1,0,0,59,0,0,0.000491642084562439,0,0,0.0320652173913044,0,0,0,0,0,0.148248695246708,0,0,0,0,0,0.148248695246708,0,0,0,0,0,0.148248695246708,0,0,0,0,0,0.148248695246708,1,1,1,1,1,1,0,0,0.00234113477752405,0,0,0.148248695246708,2,1,2,2,1,1,1,1,1,1,1,1,8
269,312,348,283,313,258,30,66,71,53,50,65,0.111524163568773,0.211538461538462,0.204022988505747,0.187279151943463,0.159744408945687,0.251937984496124,0.999277018791895,0.999294610609452,0.969812719275608,0.786554752916776,0.93297788949513,1.06852527295898,0.999277018791895,0.999294610609452,0.969812719275608,0.786554752916776,0.93297788949513,1.06852527295898,0.999277018791895,0.999294610609452,0.969812719275608,0.786554752916776,0.93297788949513,1.06852527295898,0.999277018791895,0.999294610609452,0.969812719275608,0.786554752916776,0.93297788949513,1.06852527295898,1,1,1,1,1,1,1.09685641590215,1.08966428514943,0.969812719275608,0.786554752916776,0.93297788949513,1.15729386298298,2,1,2,2,1,1,1,1,1,1,1,1,1
619,565,635,523,636,573,120,107,294,200,131,123,0.193861066235864,0.189380530973451,0.462992125984252,0.382409177820268,0.205974842767296,0.214659685863874,0.953325931753408,0.975525677002639,1.02841158333426,0.95700123722283,1.11011858780295,0.986053522564156,0.953325931753408,0.975525677002639,1.02841158333426,0.95700123722283,1.11011858780295,0.986053522564156,0.953325931753408,0.975525677002639,1.02841158333426,0.95700123722283,1.11011858780295,0.986053522564156,0.953325931753408,0.975525677002639,1.02841158333426,0.95700123722283,1.11011858780295,0.986053522564156,1,1,1,1,1,1,1.90665186350682,0.975525677002639,2.20080911466177,1.60608243497563,1.20298403782921,0.986053522564156,2,1,2,2,1,1,1,1,1,1,1,1,1
61,80,85,87,84,66,10,19,36,37,26,14,0.163934426229508,0.2375,0.423529411764706,0.425287356321839,0.30952380952381,0.212121212121212,0.806159496933551,1.12193531282061,1.00661257225226,1.06430637594822,1.66820437730913,0.974392874847211,0.806159496933551,1.12193531282061,1.00661257225226,1.06430637594822,1.66820437730913,0.974392874847211,0.806159496933551,1.12193531282061,1.00661257225226,1.06430637594822,1.66820437730913,0.974392874847211,0.806159496933551,1.12193531282061,1.00661257225226,1.06430637594822,1.66820437730913,0.974392874847211,1,1,1,1,1,1,1.6123189938671,1.22339581105413,2.01322514450453,1.78616673558698,1.80775572969318,0.974392874847211,2,1,2,2,1,1,1,1,1,1,1,1,1
748,768,801,759,690,660,164,173,372,273,120,176,0.219251336898396,0.225260416666667,0.464419475655431,0.359683794466403,0.173913043478261,0.266666666666667,1.01558236199388,1.03887927869255,1.0364098775685,0.911654564577571,1.03242976722656,1.11824689710393,1.01558236199388,1.03887927869255,1.0364098775685,0.911654564577571,1.03242976722656,1.11824689710393,1.01558236199388,1.03887927869255,1.0364098775685,0.911654564577571,1.03242976722656,1.11824689710393,1.01558236199388,1.03887927869255,1.0364098775685,0.911654564577571,1.03242976722656,1.11824689710393,1,1,1,1,1,1,2.14050243900034,1.1647286272782,2.22224567644609,1.61542479447426,1.03242976722656,1.24569655519845,2,1,2,2,1,1,1,1,1,1,1,1,1
398,391,370,363,358,322,53,65,86,86,75,77,0.133165829145729,0.166240409207161,0.232432432432432,0.236914600550964,0.209497206703911,0.239130434782609,1.1737071660424,0.859560532113119,0.98245666407128,0.982581365401095,1.10545181037189,1.00277575012037,1.1737071660424,0.859560532113119,0.98245666407128,0.982581365401095,1.10545181037189,1.00277575012037,1.1737071660424,0.859560532113119,0.98245666407128,0.982581365401095,1.10545181037189,1.00277575012037,1.1737071660424,0.859560532113119,0.98245666407128,0.982581365401095,1.10545181037189,1.00277575012037,1,1,1,1,1,1,1.30006861581887,0.859560532113119,1.11218843118037,1.06403937511491,1.24715780704889,1.11706484569426,2,1,2,2,1,1,1,1,1,1,1,1,1
829,728,716,654,706,693,93,165,193,164,123,171,0.112183353437877,0.226648351648352,0.269553072625698,0.250764525993884,0.174220963172805,0.246753246753247,0.988770217445283,1.0452803007362,1.12728290019438,1.04002264855021,1.03425772361329,1.03474144699552,0.988770217445283,1.0452803007362,1.12728290019438,1.04002264855021,1.03425772361329,1.03474144699552,0.988770217445283,1.0452803007362,1.12728290019438,1.04002264855021,1.03425772361329,1.03474144699552,0.988770217445283,1.0452803007362,1.12728290019438,1.04002264855021,1.03425772361329,1.03474144699552,1,1,1,1,1,1,1.09522133386257,1.17190506613013,1.28981057344728,1.12624265840518,1.03425772361329,1.15267376049207,2,1,2,2,1,1,1,1,1,1,1,1,1
859,738,737,668,710,703,92,1,3,109,3,0,0.107101280558789,0.0013550135501355,0.00407055630936228,0.163173652694611,0.00422535211267606,0,1.04560617736341,0,0,0.732851377857745,0,0,1.04560617736341,0,0,0.732851377857745,0,0,1.04560617736341,0,0,0.732851377857745,0,0,1.04560617736341,0,0,0.732851377857745,0,0,1,1,1,1,1,1,1.04560617736341,0.00700621571932936,0.0194775986653972,0.732851377857745,0.0251190599219438,0,2,1,2,2,1,1,1,1,1,1,1,1,9
99,129,122,124,101,114,19,26,56,45,26,24,0.191919191919192,0.201550387596899,0.459016393442623,0.362903225806452,0.257425742574257,0.210526315789474,0.936832368288767,0.993030795495659,1.02435222695691,0.919814535423223,1.35456154506559,0.983444648840879,0.936832368288767,0.993030795495659,1.02435222695691,0.919814535423223,1.35456154506559,0.983444648840879,0.936832368288767,0.993030795495659,1.02435222695691,0.919814535423223,1.35456154506559,0.983444648840879,0.936832368288767,0.993030795495659,1.02435222695691,0.919814535423223,1.35456154506559,0.983444648840879,1,1,1,1,1,1,1.87366473657753,1.04213385443792,2.19639194567835,1.62988402030215,1.52820049703337,0.983444648840879,2,1,2,2,1,1,1,1,1,1,1,1,1
215,223,221,224,215,187,25,42,77,60,44,47,0.116279069767442,0.188340807174888,0.34841628959276,0.267857142857143,0.204651162790698,0.251336898395722,1.02486935516647,0.973832566979071,0.837374429289869,1.11091269406332,1.07686431239204,1.05396265034528,1.02486935516647,0.973832566979071,0.837374429289869,1.11091269406332,1.07686431239204,1.05396265034528,1.02486935516647,0.973832566979071,0.837374429289869,1.11091269406332,1.07686431239204,1.05396265034528,1.02486935516647,0.973832566979071,0.837374429289869,1.11091269406332,1.07686431239204,1.05396265034528,1,1,1,1,1,1,1.13520690894232,0.973832566979071,1.67474885857974,1.20300963403254,1.21490572608521,1.1740856569718,2,1,2,2,1,1,1,1,1,1,1,1,1
1606,1454,1602,1339,1543,1322,1,1,1,31,2,0,0.00062266500622665,0.000687757909215956,0.000624219725343321,0.0231516056758775,0.00129617627997408,0,0,0,0,0.103979324106571,0,0,0,0,0,0.103979324106571,0,0,0,0,0,0.103979324106571,0,0,0,0,0,0.103979324106571,0,0,1,1,1,1,1,1,0.00607894110641594,0.00355611224268574,0.00298688935006196,0.103979324106571,0.0076947131063548,0,2,1,2,2,1,1,1,1,1,1,1,1,2
496,567,663,590,600,545,0,0,0,34,0,0,0,0,0,0.0576271186440678,0,0,0,0,0,0.249891745600869,0,0,0,0,0,0.249891745600869,0,0,0,0,0,0.249891745600869,0,0,0,0,0,0.249891745600869,0,0,1,1,1,1,1,1,0,0,0,0.249891745600869,0,0,2,1,2,2,1,1,1,1,1,1,1,1,2
674,582,670,620,603,591,118,117,296,231,100,137,0.175074183976261,0.201030927835052,0.441791044776119,0.37258064516129,0.165837479270315,0.231810490693739,0.869576951187983,1.0036727718274,0.96777646201003,1.02989182718598,0.991558108583696,1.01451721613654,0.869576951187983,1.0036727718274,0.96777646201003,1.02989182718598,0.991558108583696,1.01451721613654,0.869576951187983,1.0036727718274,0.96777646201003,1.02989182718598,0.991558108583696,1.01451721613654,0.869576951187983,1.0036727718274,0.96777646201003,1.02989182718598,0.991558108583696,1.01451721613654,1,1,1,1,1,1,1.73915390237597,1.0399623575975,2.11340874740226,1.61564259999727,0.991558108583696,1.07475879790678,2,1,2,2,1,1,1,1,1,1,1,1,1
188,224,226,179,170,196,39,44,110,59,24,41,0.207446808510638,0.196428571428571,0.486725663716814,0.329608938547486,0.141176470588235,0.209183673469388,1.03036872245435,1.01615369556459,1.06620911938142,0.911108927385502,0.844107585142544,0.969852541042719,1.03036872245435,1.01615369556459,1.06620911938142,0.911108927385502,0.844107585142544,0.969852541042719,1.03036872245435,1.01615369556459,1.06620911938142,0.911108927385502,0.844107585142544,0.969852541042719,1.03036872245435,1.01615369556459,1.06620911938142,0.911108927385502,0.844107585142544,0.969852541042719,1,1,1,1,1,1,2.0607374449087,1.01615369556459,2.32836379878538,1.42930194945223,0.844107585142544,0.969852541042719,2,1,2,2,1,1,1,1,1,1,1,1,1
452,545,560,571,624,575,97,120,252,200,112,130,0.214601769911504,0.220183486238532,0.45,0.350262697022767,0.17948717948718,0.226086956521739,1.00257687298893,1.00364635777536,0.985758794919001,0.96820029090804,0.948519224194088,0.989468203310321,1.00257687298893,1.00364635777536,0.985758794919001,0.96820029090804,0.948519224194088,0.989468203310321,1.00257687298893,1.00364635777536,0.985758794919001,0.96820029090804,0.948519224194088,0.989468203310321,1.00257687298893,1.00364635777536,0.985758794919001,0.96820029090804,0.948519224194088,0.989468203310321,1,1,1,1,1,1,2.13181348112974,1.14113516614205,2.15267816669521,1.51886401467511,1.0731709682902,1.04822238582263,2,1,2,2,1,1,1,1,1,1,1,1,1
781,908,890,969,854,879,73,188,213,219,126,228,0.0934699103713188,0.20704845814978,0.239325842696629,0.226006191950464,0.147540983606557,0.25938566552901,0.924617137326226,0.993324087137578,0.992977668750228,0.96620118923759,0.904080767135714,1.04262696465993,0.924617137326226,0.993324087137578,0.992977668750228,0.96620118923759,0.904080767135714,1.04262696465993,0.924617137326226,0.993324087137578,0.992977668750228,0.96620118923759,0.904080767135714,1.04262696465993,0.924617137326226,0.993324087137578,0.992977668750228,0.96620118923759,0.904080767135714,1.04262696465993,1,1,1,1,1,1,0.924617137326226,1.12748552462081,1.07899201470003,0.96620118923759,0.904080767135714,1.24333373015968,2,1,2,1,1,1,1,1,1,1,1,1,1
342,347,349,319,302,311,21,1,1,30,0,0,0.0614035087719298,0.00288184438040346,0.00286532951289398,0.0940438871473354,0,0,0.682007072109541,0,0,0.443342303585941,0,0,0.682007072109541,0,0,0.443342303585941,0,0,0.682007072109541,0,0,0.443342303585941,0,0,0.682007072109541,0,0,0.443342303585941,0,0,1,1,1,1,1,1,0.682007072109541,0.0186112901968127,0.0156598615580291,0.443342303585941,0,0,2,1,2,1,1,1,1,1,1,1,1,1,9
1174,1156,1286,1016,1167,1084,107,215,282,288,193,217,0.0911413969335605,0.18598615916955,0.219284603421462,0.283464566929134,0.165381319622965,0.200184501845018,0.823035595487273,0.932221703895609,0.96708942159271,1.04411145598085,0.964112454699848,0.91249329623228,0.823035595487273,0.932221703895609,0.96708942159271,1.04411145598085,0.964112454699848,0.91249329623228,0.823035595487273,0.932221703895609,0.96708942159271,1.04411145598085,0.964112454699848,0.91249329623228,0.823035595487273,0.932221703895609,0.96708942159271,1.04411145598085,0.964112454699848,0.91249329623228,1,1,1,1,1,1,0.823035595487273,0.932221703895609,0.96708942159271,1.04411145598085,0.964112454699848,0.91249329623228,1,1,2,1,1,1,1,1,1,1,1,1,1
333,308,350,258,305,262,41,57,67,90,57,57,0.123123123123123,0.185064935064935,0.191428571428571,0.348837209302326,0.186885245901639,0.217557251908397,0.989035418484033,0.958660327960066,0.894154290753427,1.12763918997831,1.01287673737361,0.969273342933771,0.989035418484033,0.958660327960066,0.894154290753427,1.12763918997831,1.01287673737361,0.969273342933771,0.989035418484033,0.958660327960066,0.894154290753427,1.12763918997831,1.01287673737361,0.969273342933771,0.989035418484033,0.958660327960066,0.894154290753427,1.12763918997831,1.01287673737361,0.969273342933771,1,1,1,1,1,1,1.10739261209282,0.958660327960066,0.894154290753427,1.30044227512432,1.0968144099573,0.969273342933771,1,1,2,1,1,1,1,1,1,1,1,1,1
586,648,549,581,672,576,63,106,148,119,124,85,0.107508532423208,0.16358024691358,0.269581056466302,0.204819277108434,0.18452380952381,0.147569444444444,0.920730540447348,0.805744459721927,0.965142983065431,0.744708865262261,1.01264466044429,0.632695164628547,0.920730540447348,0.805744459721927,0.965142983065431,0.744708865262261,1.01264466044429,0.632695164628547,0.920730540447348,0.805744459721927,0.965142983065431,0.744708865262261,1.01264466044429,0.632695164628547,0.920730540447348,0.805744459721927,0.965142983065431,0.744708865262261,1.01264466044429,0.632695164628547,1,1,1,1,1,1,0.920730540447348,0.805744459721927,0.965142983065431,0.744708865262261,1.07721022043092,0.632695164628547,1,1,1,1,1,1,1,1,1,1,1,1,1
240,296,249,216,276,256,30,71,86,67,34,70,0.125,0.239864864864865,0.345381526104418,0.310185185185185,0.123188405797101,0.2734375,1.07053193790108,1.18149831408995,1.23652069907878,1.12781209142795,0.719147356136213,1.17234692269407,1.07053193790108,1.18149831408995,1.23652069907878,1.12781209142795,0.719147356136213,1.17234692269407,1.07053193790108,1.18149831408995,1.23652069907878,1.12781209142795,0.719147356136213,1.17234692269407,1.07053193790108,1.18149831408995,1.23652069907878,1.12781209142795,0.719147356136213,1.17234692269407,1,1,1,1,1,1,1.07053193790108,1.18149831408995,1.23652069907878,1.12781209142795,0.719147356136213,1.17234692269407,1,1,1,1,1,1,1,1,1,1,1,1,1
621,849,766,798,764,780,52,118,141,138,94,112,0.0837359098228663,0.138987043580683,0.184073107049608,0.172932330827068,0.12303664921466,0.143589743589744,0.805205876833409,0.811909769670934,0.79887226018226,0.69406745644154,0.840776063759771,0.677066945266585,0.805205876833409,0.811909769670934,0.79887226018226,0.69406745644154,0.840776063759771,0.677066945266585,0.805205876833409,0.811909769670934,0.79887226018226,0.69406745644154,0.840776063759771,0.677066945266585,0.805205876833409,0.811909769670934,0.79887226018226,0.69406745644154,0.840776063759771,0.677066945266585,1,1,1,1,1,1,0.805205876833409,0.811909769670934,0.79887226018226,0.69406745644154,0.840776063759771,0.677066945266585,1,1,1,1,1,1,1,1,1,1,1,1,1
962,1434,1331,1413,1386,1190,88,208,202,215,153,203,0.0914760914760915,0.145048814504881,0.151765589782119,0.152158527954706,0.11038961038961,0.170588235294118,0.979430635749122,0.976685533026263,0.854683894538932,0.919411649266559,0.853917091356366,0.979125589387973,0.979430635749122,0.976685533026263,0.854683894538932,0.919411649266559,0.853917091356366,0.979125589387973,0.979430635749122,0.976685533026263,0.854683894538932,0.919411649266559,0.853917091356366,0.979125589387973,0.979430635749122,0.976685533026263,0.854683894538932,0.919411649266559,0.853917091356366,0.979125589387973,1,1,1,1,1,1,0.979430635749122,1.04690920754757,0.854683894538932,0.919411649266559,0.853917091356366,0.979125589387973,3,3,3,3,3,2,1,1,1,1,1,1,1
375,602,517,565,542,425,0,22,0,0,0,0,0,0.0365448504983389,0,0,0,0,0,0.263767343468172,0,0,0,0,0,0.263767343468172,0,0,0,0,0,0.263767343468172,0,0,0,0,0,0.263767343468172,0,0,0,0,1,1,1,1,1,1,0,0.263767343468172,0,0,0,0,3,3,3,3,3,2,1,1,1,1,1,1,10
635,846,760,825,765,692,112,238,276,293,210,158,0.176377952755906,0.281323877068558,0.363157894736842,0.355151515151515,0.274509803921569,0.228323699421965,0.94423563366279,1.01524634383048,1.02181267589679,0.960011029360642,1.06173313089061,1.07288721798924,0.94423563366279,1.01524634383048,1.02181267589679,0.960011029360642,1.06173313089061,1.07288721798924,0.94423563366279,1.01524634383048,1.02181267589679,0.960011029360642,1.06173313089061,1.07288721798924,0.94423563366279,1.01524634383048,1.02181267589679,0.960011029360642,1.06173313089061,1.07288721798924,1,1,1,1,1,1,1.88847126732558,2.03049268766096,2.04362535179359,2.14598842847751,2.12346626178123,1.31050993277661,3,3,3,3,3,2,1,1,1,1,1,1,1
321,513,385,392,427,319,0,0,0,11,0,0,0,0,0,0.0280612244897959,0,0,0,0,0,0.160523869454847,0,0,0,0,0,0.160523869454847,0,0,0,0,0,0.160523869454847,0,0,0,0,0,0.160523869454847,0,0,1,1,1,1,1,1,0,0,0,0.160523869454847,0,0,3,3,3,3,3,2,1,1,1,1,1,1,2
515,637,555,574,556,551,0,23,0,0,0,0,0,0.0361067503924647,0,0,0,0,0,0.254184988341934,0,0,0,0,0,0.254184988341934,0,0,0,0,0,0.254184988341934,0,0,0,0,0,0.254184988341934,0,0,0,0,1,1,1,1,1,1,0,0.254184988341934,0,0,0,0,3,3,3,3,3,2,1,1,1,1,1,1,10
747,892,787,853,954,792,0,0,0,23,0,0,0,0,0,0.0269636576787808,0,0,0,0,0,0.154245252798135,0,0,0,0,0,0.154245252798135,0,0,0,0,0,0.154245252798135,0,0,0,0,0,0.154245252798135,0,0,1,1,1,1,1,1,0,0,0,0.154245252798135,0,0,3,3,3,3,3,2,1,1,1,1,1,1,2
293,492,414,489,457,388,43,91,66,88,61,75,0.146757679180887,0.184959349593496,0.159420289855072,0.179959100204499,0.133479212253829,0.193298969072165,0.78643914108524,1.26656415950378,0.891536566628112,0.992774023478899,1.02332713688635,0.932583257732788,0.78643914108524,1.26656415950378,0.891536566628112,0.992774023478899,1.02332713688635,0.932583257732788,0.78643914108524,1.26656415950378,0.891536566628112,0.992774023478899,1.02332713688635,0.932583257732788,0.78643914108524,1.26656415950378,0.891536566628112,0.992774023478899,1.02332713688635,0.932583257732788,1,1,1,1,1,1,1.51910792052192,1.30208034811037,0.891536566628112,1.02945369040982,1.02332713688635,1.08725036894008,3,3,3,3,3,2,1,1,1,1,1,1,1
784,896,812,919,897,806,3,137,163,2,101,200,0.0038265306122449,0.152901785714286,0.200738916256158,0.00217627856365615,0.112597547380156,0.248138957816377,0,1.04704045583782,1.07015088853067,0,0.863236483309816,1.19716229611355,0,1.04704045583782,1.07015088853067,0,0.863236483309816,1.19716229611355,0,1.04704045583782,1.07015088853067,0,0.863236483309816,1.19716229611355,0,1.04704045583782,1.07015088853067,0,0.863236483309816,1.19716229611355,1,1,1,1,1,1,0.0394737345270883,1.07640090002001,1.12260543717716,0.0124493731974082,0.863236483309816,1.39570932389992,3,3,3,3,3,2,1,1,1,1,1,1,7
772,751,703,691,809,667,197,309,338,314,268,249,0.255181347150259,0.411451398135819,0.480796586059744,0.454413892908828,0.331273176761434,0.373313343328336,0.959364162970798,0.958680019000818,0.905182170152824,1.28912536512636,1.25725106563398,0.986496531951432,0.959364162970798,0.958680019000818,0.905182170152824,1.28912536512636,1.25725106563398,0.986496531951432,0.959364162970798,0.958680019000818,0.905182170152824,1.28912536512636,1.25725106563398,0.986496531951432,0.959364162970798,0.958680019000818,0.905182170152824,1.28912536512636,1.25725106563398,0.986496531951432,1,1,1,1,1,1,2.54429226236872,2.85847395770758,2.60801915083002,2.57825073025272,2.51450213126796,2.0467757417119,3,3,3,3,3,2,1,1,1,1,1,1,1
254,319,322,284,303,291,80,126,151,127,99,89,0.31496062992126,0.394984326018809,0.468944099378882,0.447183098591549,0.326732673267327,0.305841924398625,1.18595644284903,0.952686683455195,0.927886071597429,0.862200510223528,0.890514784717794,0.860435374099536,1.18595644284903,0.952686683455195,0.927886071597429,0.862200510223528,0.890514784717794,0.860435374099536,1.18595644284903,0.952686683455195,0.927886071597429,0.862200510223528,0.890514784717794,0.860435374099536,1.18595644284903,0.952686683455195,0.927886071597429,0.862200510223528,0.890514784717794,0.860435374099536,1,1,1,1,1,1,3.32822868248891,2.67767336289841,2.43227130456053,2.58660153067058,2.41412972451257,1.72087074819907,3,3,3,3,3,2,1,1,1,1,1,1,1
377,484,437,488,471,420,33,62,72,75,63,77,0.0875331564986737,0.128099173553719,0.164759725400458,0.153688524590164,0.133757961783439,0.183333333333333,0.933567349604915,0.898961465060106,0.905559555304739,0.897003573798699,1.01427360678125,0.976411406079128,0.933567349604915,0.898961465060106,0.905559555304739,0.897003573798699,1.01427360678125,0.976411406079128,0.933567349604915,0.898961465060106,0.905559555304739,0.897003573798699,1.01427360678125,0.976411406079128,0.933567349604915,0.898961465060106,0.905559555304739,0.897003573798699,1.01427360678125,0.976411406079128,1,1,1,1,1,1,0.933567349604915,0.898961465060106,0.905559555304739,0.897003573798699,1.01427360678125,1.03252072719232,3,3,3,3,3,2,1,1,1,1,1,1,1
516,550,500,460,561,417,48,2,0,11,0,0,0.0930232558139535,0.00363636363636364,0,0.0239130434782609,0,0,0.992120904301771,0,0,1.35316423214631,0,0,0.992120904301771,0,0,1.35316423214631,0,0,0.992120904301771,0,0,1.35316423214631,0,0,0.992120904301771,0,0,1.35316423214631,0,0,1,1,1,1,1,1,0.992120904301771,0.025518906104932,0,0.13956855606236,0,0,3,3,3,3,3,2,1,1,1,1,1,1,14
683,781,718,749,730,705,170,323,400,377,244,247,0.248901903367496,0.413572343149808,0.557103064066852,0.503337783711616,0.334246575342466,0.350354609929078,0.892282729819289,0.972727331846107,1.0464997672764,0.980553354089064,1.2672796258505,0.986586536234058,0.892282729819289,0.972727331846107,1.0464997672764,0.980553354089064,1.2672796258505,0.986586536234058,0.892282729819289,0.972727331846107,1.0464997672764,0.980553354089064,1.2672796258505,0.986586536234058,0.892282729819289,0.972727331846107,1.0464997672764,0.980553354089064,1.2672796258505,0.986586536234058,1,1,1,1,1,1,2.65461340060247,2.90232629292009,3.06197404571473,2.94166006226719,2.534559251701,1.97317307246812,3,3,3,3,3,2,1,1,1,1,1,1,1
534,646,626,625,594,623,0,75,0,0,72,0,0,0.11609907120743,0,0,0.121212121212121,0,0,0.814748356678364,0,0,0.919139718699318,0,0,0.814748356678364,0,0,0.919139718699318,0,0,0.814748356678364,0,0,0.919139718699318,0,0,0.814748356678364,0,0,0.919139718699318,0,1,1,1,1,1,1,0,0.814748356678364,0,0,0.919139718699318,0,3,3,3,3,3,2,1,1,1,1,1,1,11
409,481,469,417,396,404,43,60,91,91,47,83,0.105134474327628,0.124740124740125,0.194029850746269,0.218225419664269,0.118686868686869,0.205445544554455,1.12129067973959,0.875388670959207,1.00460013061601,1.15458658365822,0.899990974559749,1.02392273984125,1.12129067973959,0.875388670959207,1.00460013061601,1.15458658365822,0.899990974559749,1.02392273984125,1.12129067973959,0.875388670959207,1.00460013061601,1.15458658365822,0.899990974559749,1.02392273984125,1.12129067973959,0.875388670959207,1.00460013061601,1.15458658365822,0.899990974559749,1.02392273984125,1,1,1,1,1,1,1.12129067973959,0.875388670959207,1.06643528890676,1.27367337187059,0.899990974559749,1.15705518033703,3,3,3,3,3,2,1,1,1,1,1,1,1
705,825,808,864,862,731,0,0,0,1,0,21,0,0,0,0.00115740740740741,0,0.0287277701778386,0,0,0,0,0,0.161792826298014,0,0,0,0,0,0.161792826298014,0,0,0,0,0,0.161792826298014,0,0,0,0,0,0.161792826298014,1,1,1,1,1,1,0,0,0,0.00675521209897785,0,0.161792826298014,3,3,3,3,3,2,1,1,1,1,1,1,8
260,392,402,410,368,332,20,46,59,76,43,50,0.0769230769230769,0.11734693877551,0.146766169154229,0.185365853658537,0.116847826086957,0.150602409638554,0.921160463150198,0.976637720752563,0.977859880012812,1.08864609375303,1.03717946601162,0.932823295513149,0.921160463150198,0.976637720752563,0.977859880012812,1.08864609375303,1.03717946601162,0.932823295513149,0.921160463150198,0.976637720752563,0.977859880012812,1.08864609375303,1.03717946601162,0.932823295513149,0.921160463150198,0.976637720752563,0.977859880012812,1.08864609375303,1.03717946601162,0.932823295513149,1,1,1,1,1,1,0.921160463150198,0.976637720752563,0.977859880012812,1.19424177588801,1.03717946601162,0.932823295513149,3,3,3,3,3,2,1,1,1,1,1,1,1
674,898,773,829,800,792,49,107,147,143,117,125,0.072700296735905,0.119153674832962,0.190168175937904,0.172496984318456,0.14625,0.157828282828283,0.775370454511807,0.83618464603299,0.984606098759788,1.00677921019652,1.10899951684315,0.888878036494769,0.775370454511807,0.83618464603299,0.984606098759788,1.00677921019652,1.10899951684315,0.888878036494769,0.775370454511807,0.83618464603299,0.984606098759788,1.00677921019652,1.10899951684315,0.888878036494769,0.775370454511807,0.83618464603299,0.984606098759788,1.00677921019652,1.10899951684315,0.888878036494769,1,1,1,1,1,1,0.775370454511807,0.83618464603299,1.04521058418178,1.00677921019652,1.10899951684315,0.888878036494769,3,3,3,3,3,2,1,1,1,1,1,1,1
577,644,586,621,575,531,45,90,100,108,68,86,0.0779896013864818,0.139751552795031,0.170648464163823,0.173913043478261,0.118260869565217,0.16195856873823,0.831782473927178,0.980734357293583,0.937925496938214,1.01504404408989,0.896760664678813,0.912139522737954,0.831782473927178,0.980734357293583,0.937925496938214,1.01504404408989,0.896760664678813,0.912139522737954,0.831782473927178,0.980734357293583,0.937925496938214,1.01504404408989,0.896760664678813,0.912139522737954,0.831782473927178,0.980734357293583,0.937925496938214,1.01504404408989,0.896760664678813,0.912139522737954,1,1,1,1,1,1,0.831782473927178,0.980734357293583,0.937925496938214,1.01504404408989,0.896760664678813,0.912139522737954,3,3,3,3,3,2,1,1,1,1,1,1,1
592,712,670,657,616,588,41,71,115,118,84,94,0.0692567567567568,0.0997191011235955,0.171641791044776,0.179604261796043,0.136363636363636,0.159863945578231,0.738644068532104,0.699798654071345,0.943385063263675,0.955572909676214,1.03403218353673,0.900342749128742,0.738644068532104,0.699798654071345,0.943385063263675,0.955572909676214,1.03403218353673,0.900342749128742,0.738644068532104,0.699798654071345,0.943385063263675,0.955572909676214,1.03403218353673,0.900342749128742,0.738644068532104,0.699798654071345,0.943385063263675,0.955572909676214,1.03403218353673,0.900342749128742,1,1,1,1,1,1,0.738644068532104,0.699798654071345,0.943385063263675,1.0482608583181,1.03403218353673,0.900342749128742,3,3,3,3,3,2,1,1,1,1,1,1,1
1423,1669,1520,1705,1732,1452,148,0,3,0,0,0,0.104005621925509,0,0.00197368421052632,0,0,0,1.10925113052995,0,0,0,0,0,1.10925113052995,0,0,0,0,0,1.10925113052995,0,0,0,0,0,1.10925113052995,0,0,0,0,0,1,1,1,1,1,1,1.10925113052995,0,0.010847848839588,0,0,0,3,3,3,3,3,2,1,1,1,1,1,1,5
95,169,139,164,155,137,9,17,22,21,9,0,0.0947368421052632,0.100591715976331,0.158273381294964,0.128048780487805,0.0580645161290323,0,1.0103968156968,0.705922402606848,0.869909029246579,0.74735712392594,0.440297574925318,0,1.0103968156968,0.705922402606848,0.869909029246579,0.74735712392594,0.440297574925318,0,1.0103968156968,0.705922402606848,0.869909029246579,0.74735712392594,0.440297574925318,0,1.0103968156968,0.705922402606848,0.869909029246579,0.74735712392594,0.440297574925318,0,1,1,1,1,1,1,1.0103968156968,0.705922402606848,0.869909029246579,0.74735712392594,0.440297574925318,0,3,3,3,3,3,2,1,1,1,1,1,1,23
73,92,98,92,64,77,8,12,23,19,7,15,0.10958904109589,0.130434782608696,0.23469387755102,0.206521739130435,0.109375,0.194805194805195,1.1687999694514,0.915352066807344,1.21514034637306,1.09266477571955,0.829379980545087,0.970892161389134,1.1687999694514,0.915352066807344,1.21514034637306,1.09266477571955,0.829379980545087,0.970892161389134,1.1687999694514,0.915352066807344,1.21514034637306,1.09266477571955,0.829379980545087,0.970892161389134,1.1687999694514,0.915352066807344,1.21514034637306,1.09266477571955,0.829379980545087,0.970892161389134,1,1,1,1,1,1,1.1687999694514,0.915352066807344,1.28993467834013,1.20536480235674,0.829379980545087,1.09712946218783,3,3,3,3,3,2,1,1,1,1,1,1,1
75,109,94,96,83,85,11,18,23,15,7,10,0.146666666666667,0.165137614678899,0.24468085106383,0.15625,0.0843373493975904,0.117647058823529,0.7919897741568,1.1588861029304,1.26684844621872,0.91195363336201,0.639521912709465,0.662580145791865,0.7919897741568,1.1588861029304,1.26684844621872,0.91195363336201,0.639521912709465,0.662580145791865,0.7919897741568,1.1588861029304,1.26684844621872,0.91195363336201,0.639521912709465,0.662580145791865,0.7919897741568,1.1588861029304,1.26684844621872,0.91195363336201,0.639521912709465,0.662580145791865,1,1,1,1,1,1,1.56424395911579,1.1588861029304,1.3448255157163,0.91195363336201,0.639521912709465,0.662580145791865,3,3,3,3,3,2,1,1,1,1,1,1,1
386,478,392,432,414,330,45,72,88,74,48,64,0.116580310880829,0.150627615062762,0.224489795918367,0.171296296296296,0.115942028985507,0.193939393939394,1.24336395713985,1.05705929053903,1.16230815740032,0.999771390648722,0.87917712223413,1.03289801634817,1.24336395713985,1.05705929053903,1.16230815740032,0.999771390648722,0.87917712223413,1.03289801634817,1.24336395713985,1.05705929053903,1.16230815740032,0.999771390648722,0.87917712223413,1.03289801634817,1.24336395713985,1.05705929053903,1.16230815740032,0.999771390648722,0.87917712223413,1.03289801634817,1,1,1,1,1,1,1.24336395713985,1.05705929053903,1.23385056189056,0.999771390648722,0.87917712223413,1.09225333124477,3,3,3,3,3,2,1,1,1,1,1,1,1
185,239,230,240,233,186,34,108,123,128,89,76,0.183783783783784,0.451882845188285,0.534782608695652,0.533333333333333,0.381974248927039,0.408602150537634,0.99241961872228,1.05705929053903,1.00457152660052,1.00510316267185,1.00075535485084,1.0803734704751,0.99241961872228,1.05705929053903,1.00457152660052,1.00510316267185,1.00075535485084,1.0803734704751,0.99241961872228,1.05705929053903,1.00457152660052,1.00510316267185,1.00075535485084,1.0803734704751,0.99241961872228,1.05705929053903,1.00457152660052,1.00510316267185,1.00075535485084,1.0803734704751,1,1,1,1,1,1,1.96010913795836,3.17117787161708,2.93929538992663,3.112801735209,2.89647355560075,2.30121921602981,3,3,3,3,3,2,1,1,1,1,1,1,1
916,1144,978,991,1042,1021,0,0,0,0,0,51,0,0,0,0,0,0.049951028403526,0,0,0,0,0,0.281596561961543,0,0,0,0,0,0.281596561961543,0,0,0,0,0,0.281596561961543,0,0,0,0,0,0.281596561961543,1,1,1,1,1,1,0,0,0,0,0,0.281596561961543,3,3,3,3,3,2,1,1,1,1,1,1,4
132,157,136,151,126,147,12,24,24,28,12,24,0.0909090909090909,0.152866242038217,0.176470588235294,0.185430463576159,0.0952380952380952,0.163265306122449,0.969572701931276,1.07276930122644,0.969925308010223,0.986570841082256,0.722181207549464,0.919498977833609,0.969572701931276,1.07276930122644,0.969925308010223,0.986570841082256,0.722181207549464,0.919498977833609,0.969572701931276,1.07276930122644,0.969925308010223,0.986570841082256,0.722181207549464,0.919498977833609,0.969572701931276,1.07276930122644,0.969925308010223,0.986570841082256,0.722181207549464,0.919498977833609,1,1,1,1,1,1,0.969572701931276,1.07276930122644,0.969925308010223,1.08226550396339,0.722181207549464,0.919498977833609,3,3,3,3,3,2,1,1,1,1,1,1,1
297,347,304,317,362,305,36,53,69,62,63,58,0.121212121212121,0.152737752161383,0.226973684210526,0.195583596214511,0.174033149171271,0.19016393442623,1.29276360257503,1.0718675979233,1.17516862445289,1.03479327257253,1.31967643313251,1.01279037053811,1.29276360257503,1.0718675979233,1.17516862445289,1.03479327257253,1.31967643313251,1.01279037053811,1.29276360257503,1.0718675979233,1.17516862445289,1.03479327257253,1.31967643313251,1.01279037053811,1.29276360257503,1.0718675979233,1.17516862445289,1.03479327257253,1.31967643313251,1.01279037053811,1,1,1,1,1,1,1.29276360257503,1.0718675979233,1.24750261655262,1.14152429564052,1.31967643313251,1.07099020287013,3,3,3,3,3,2,1,1,1,1,1,1,1
534,723,652,694,670,638,139,309,337,359,246,251,0.260299625468165,0.427385892116183,0.516871165644172,0.517291066282421,0.367164179104478,0.393416927899687,0.934892898365014,0.999755208052835,0.970925470432523,1.00639033045752,0.961953637922865,1.0402226497814,0.934892898365014,0.999755208052835,0.970925470432523,1.00639033045752,0.961953637922865,1.0402226497814,0.934892898365014,0.999755208052835,0.970925470432523,1.00639033045752,0.961953637922865,1.0402226497814,0.934892898365014,0.999755208052835,0.970925470432523,1.00639033045752,0.961953637922865,1.0402226497814,1,1,1,1,1,1,2.78138210366402,2.99926562415851,2.84084973905448,3.01917099137256,2.78417023746308,2.21569708628048,3,3,3,3,3,2,1,1,1,1,1,1,1
298,405,365,322,358,300,40,49,73,71,45,79,0.134228187919463,0.120987654320988,0.2,0.220496894409938,0.125698324022346,0.263333333333333,0.728461836462163,0.854446202983135,1.0410853587543,1.1481484323466,0.963385792240262,1.26171055515275,0.728461836462163,0.854446202983135,1.0410853587543,1.1481484323466,0.963385792240262,1.26171055515275,0.728461836462163,0.854446202983135,1.0410853587543,1.1481484323466,0.963385792240262,1.26171055515275,0.728461836462163,0.854446202983135,1.0410853587543,1.1481484323466,0.963385792240262,1.26171055515275,1,1,1,1,1,1,1.45692367292433,0.854446202983135,1.10006443442827,1.29703578613883,0.963385792240262,1.50021652206096,3,3,3,3,3,2,1,1,1,1,1,1,1
544,728,594,624,637,575,58,106,112,121,78,131,0.106617647058824,0.145604395604396,0.188552188552189,0.193910256410256,0.122448979591837,0.227826086956522,1.02873859087708,1.00798678398789,0.981494614313821,1.00970926374793,0.938481941828609,1.0915844758944,1.02873859087708,1.00798678398789,0.981494614313821,1.00970926374793,0.938481941828609,1.0915844758944,1.02873859087708,1.00798678398789,0.981494614313821,1.00970926374793,0.938481941828609,1.0915844758944,1.02873859087708,1.00798678398789,0.981494614313821,1.00970926374793,0.938481941828609,1.0915844758944,1,1,1,1,1,1,1.1572366159386,1.02829601631717,1.03709778329938,1.14064437295822,0.938481941828609,1.29793086003293,3,3,3,3,3,2,1,1,1,1,1,1,1
396,440,421,367,420,368,39,39,72,47,47,51,0.0984848484848485,0.0886363636363636,0.171021377672209,0.128065395095368,0.111904761904762,0.138586956521739,1.03429220079108,0.625972995181754,0.940672675520611,0.753323083525543,0.857668219060035,0.789533323731861,1.03429220079108,0.625972995181754,0.940672675520611,0.753323083525543,0.857668219060035,0.789533323731861,1.03429220079108,0.625972995181754,0.940672675520611,0.753323083525543,0.857668219060035,0.789533323731861,1.03429220079108,0.625972995181754,0.940672675520611,0.753323083525543,0.857668219060035,0.789533323731861,1,1,1,1,1,1,1.06896255850546,0.625972995181754,0.940672675520611,0.753323083525543,0.857668219060035,0.789533323731861,3,3,3,3,3,2,1,1,1,1,1,1,17
329,407,406,417,347,346,29,58,89,69,50,0,0.088145896656535,0.142506142506143,0.219211822660099,0.165467625899281,0.144092219020173,0,0.95674273414985,1.00641534914877,1.14109109518637,0.973335396913991,1.10436155498564,0,0.95674273414985,1.00641534914877,1.14109109518637,0.973335396913991,1.10436155498564,0,0.95674273414985,1.00641534914877,1.14109109518637,0.973335396913991,1.10436155498564,0,0.95674273414985,1.00641534914877,1.14109109518637,0.973335396913991,1.10436155498564,0,1,1,1,1,1,1,0.95674273414985,1.00641534914877,1.20573564857286,0.973335396913991,1.10436155498564,0,3,3,3,3,3,2,1,1,1,1,1,1,23
238,303,276,337,310,287,14,49,65,75,32,40,0.0588235294117647,0.161716171617162,0.235507246376812,0.222551928783383,0.103225806451613,0.139372822299652,0.638475374310954,1.0959306889153,1.2259157304172,1.15884919301084,0.791150368165193,0.794010420532417,0.638475374310954,1.0959306889153,1.2259157304172,1.15884919301084,0.791150368165193,0.794010420532417,0.638475374310954,1.0959306889153,1.2259157304172,1.15884919301084,0.791150368165193,0.794010420532417,0.638475374310954,1.0959306889153,1.2259157304172,1.15884919301084,0.791150368165193,0.794010420532417,1,1,1,1,1,1,0.638475374310954,1.1420815584428,1.29536572894633,1.30912417918054,0.791150368165193,0.794010420532417,3,3,3,3,3,2,1,1,1,1,1,1,1
1046,1280,1228,1168,1218,1141,85,1,1,0,0,0,0.0812619502868069,0.00078125,0.000814332247557003,0,0,0,0.882023820152322,0,0,0,0,0,0.882023820152322,0,0,0,0,0,0.882023820152322,0,0,0,0,0,0.882023820152322,0,0,0,0,0,1,1,1,1,1,1,0.882023820152322,0.00551739018189046,0.00447908971672749,0,0,0,3,3,3,3,3,2,1,1,1,1,1,1,5
853,1003,964,922,994,861,0,0,0,30,0,0,0,0,0,0.0325379609544469,0,0,0,0,0,0.191399066543966,0,0,0,0,0,0.191399066543966,0,0,0,0,0,0.191399066543966,0,0,0,0,0,0.191399066543966,0,0,1,1,1,1,1,1,0,0,0,0.191399066543966,0,0,3,3,3,3,3,2,1,1,1,1,1,1,2
736,959,862,937,850,866,61,2,1,105,0,0,0.0828804347826087,0.00208550573514077,0.00116009280742459,0.112059765208111,0,0,0.900814915864571,0,0,0.659172665674897,0,0,0.900814915864571,0,0,0.659172665674897,0,0,0.900814915864571,0,0,0.659172665674897,0,0,0.900814915864571,0,0,0.659172665674897,0,0,1,1,1,1,1,1,0.900814915864571,0.0147437566447177,0.0063808841904192,0.659172665674897,0,0,3,3,3,3,3,2,1,1,1,1,1,1,9
1022,1191,974,1052,1103,1063,289,474,457,518,366,366,0.282778864970646,0.397984886649874,0.469199178644764,0.492395437262357,0.331822302810517,0.344308560677328,0.982206349328975,0.936890839954263,1.29037332272515,0.965477699462738,1.27274161711693,0.982615958925144,0.982206349328975,0.936890839954263,1.29037332272515,0.965477699462738,1.27274161711693,0.982615958925144,0.982206349328975,0.936890839954263,1.29037332272515,0.965477699462738,1.27274161711693,0.982615958925144,0.982206349328975,0.936890839954263,1.29037332272515,0.965477699462738,1.27274161711693,0.982615958925144,1,1,1,1,1,1,3.06930480820912,2.81067251986279,2.58074664545031,2.89643309838821,2.54548323423386,1.96523191785029,3,3,3,3,3,2,1,1,1,1,1,1,1
287,462,346,425,383,320,81,209,178,215,145,119,0.282229965156794,0.452380952380952,0.514450867052023,0.505882352941176,0.378590078328982,0.371875,0.980299796368002,1.0502021528516,0.964137363954826,0.991922534928376,0.97470775826342,0.967815602150545,0.980299796368002,1.0502021528516,0.964137363954826,0.991922534928376,0.97470775826342,0.967815602150545,0.980299796368002,1.0502021528516,0.964137363954826,0.991922534928376,0.97470775826342,0.967815602150545,0.980299796368002,1.0502021528516,0.964137363954826,0.991922534928376,0.97470775826342,0.967815602150545,1,1,1,1,1,1,3.06334700496928,3.19483164818038,2.82964551052359,2.97576760478513,2.90161627358236,2.11858108534716,3,3,3,3,3,2,1,1,1,1,1,1,1
1345,1811,1529,1689,1743,1521,0,0,0,54,0,0,0,0,0,0.0319715808170515,0,0,0,0,0,0.188067430927393,0,0,0,0,0,0.188067430927393,0,0,0,0,0,0.188067430927393,0,0,0,0,0,0.188067430927393,0,0,1,1,1,1,1,1,0,0,0,0.188067430927393,0,0,3,3,3,3,3,2,1,1,1,1,1,1,2
237,425,373,395,412,303,73,178,176,203,158,98,0.308016877637131,0.418823529411765,0.471849865951743,0.513924050632911,0.383495145631068,0.323432343234323,1.06986826242152,0.985946807091704,0.884298414245159,1.00769051163904,0.987336211642996,0.921301034979157,1.06986826242152,0.985946807091704,0.884298414245159,1.00769051163904,0.987336211642996,0.921301034979157,1.06986826242152,0.985946807091704,0.884298414245159,1.00769051163904,0.987336211642996,0.921301034979157,1.06986826242152,0.985946807091704,0.884298414245159,1.00769051163904,0.987336211642996,0.921301034979157,1,1,1,1,1,1,3.34324025113879,2.95784042127511,2.59532627961629,3.02307153491713,2.93921002978847,1.84260206995831,3,3,3,3,3,2,1,1,1,1,1,1,1
392,498,500,504,489,446,84,206,266,265,167,149,0.214285714285714,0.413654618473896,0.532,0.525793650793651,0.341513292433538,0.334080717488789,1.09737585721282,0.973778743748913,0.997026364370184,0.988246836399259,0.879250869843969,0.95163306090885,1.09737585721282,0.973778743748913,0.997026364370184,0.988246836399259,0.879250869843969,0.95163306090885,1.09737585721282,0.973778743748913,0.997026364370184,0.988246836399259,0.879250869843969,0.95163306090885,1.09737585721282,0.973778743748913,0.997026364370184,0.988246836399259,0.879250869843969,0.95163306090885,1,1,1,1,1,1,2.33182310617914,2.92133623124674,2.9261713955792,3.09289245560101,2.61744980572035,1.9032661218177,3,3,3,3,3,2,1,1,1,1,1,1,1
480,531,522,493,521,441,0,0,1,0,41,0,0,0,0.00191570881226054,0,0.0786948176583493,0,0,0,0,0,0.603138266517491,0,0,0,0,0,0.603138266517491,0,0,0,0,0,0.603138266517491,0,0,0,0,0,0.603138266517491,0,1,1,1,1,1,1,0,0,0.0105370156554432,0,0.603138266517491,0,3,3,3,3,3,2,1,1,1,1,1,1,19
345,435,362,376,379,328,117,198,201,195,155,136,0.339130434782609,0.455172413793103,0.55524861878453,0.518617021276596,0.408970976253298,0.414634146341463,1.17793833824445,1.05668252911239,1.04059682651937,1.01689238102659,1.05292559492872,1.07909753549887,1.17793833824445,1.05668252911239,1.04059682651937,1.01689238102659,1.05292559492872,1.07909753549887,1.17793833824445,1.05668252911239,1.04059682651937,1.01689238102659,1.05292559492872,1.07909753549887,1.17793833824445,1.05668252911239,1.04059682651937,1.01689238102659,1.05292559492872,1.07909753549887,1,1,1,1,1,1,3.68094933189707,3.2145456728697,3.05404628895141,3.05067714307976,3.13446365355685,2.36218100108394,3,3,3,3,3,2,1,1,1,1,1,1,1
243,390,333,370,296,310,24,0,0,0,0,0,0.0987654320987654,0,0,0,0,0,1.07046567388314,0,0,0,0,0,1.07046567388314,0,0,0,0,0,1.07046567388314,0,0,0,0,0,1.07046567388314,0,0,0,0,0,1,1,1,1,1,1,1.09314832482443,0,0,0,0,0,3,3,3,3,3,2,1,1,1,1,1,1,5
327,406,376,410,404,380,93,155,186,205,141,136,0.284403669724771,0.381773399014778,0.49468085106383,0.5,0.349009900990099,0.357894736842105,1.04927195857574,0.923378415650479,0.930018682066157,0.98290055018058,0.897836699165834,1.01579254111919,1.04927195857574,0.923378415650479,0.930018682066157,0.98290055018058,0.897836699165834,1.01579254111919,1.04927195857574,0.923378415650479,0.930018682066157,0.98290055018058,0.897836699165834,1.01579254111919,1.04927195857574,0.923378415650479,0.930018682066157,0.98290055018058,0.897836699165834,1.01579254111919,1,1,1,1,1,1,3.14781587572723,2.7036484845992,2.79005604619847,2.94870165054174,2.6935100974975,2.03158508223837,3,3,3,3,3,2,1,1,1,1,1,1,1
687,932,699,814,748,762,67,140,117,148,92,148,0.0975254730713246,0.150214592274678,0.167381974248927,0.181818181818182,0.122994652406417,0.194225721784777,0.93879956206506,0.94317398915073,0.887036197506691,0.928862865176202,0.951506834430775,1.01351844664755,0.93879956206506,0.94317398915073,0.887036197506691,0.928862865176202,0.951506834430775,1.01351844664755,0.93879956206506,0.94317398915073,0.887036197506691,0.928862865176202,0.951506834430775,1.01351844664755,0.93879956206506,0.94317398915073,0.887036197506691,0.928862865176202,0.951506834430775,1.01351844664755,1,1,1,1,1,1,1.07885046753197,1.06352178349106,0.887036197506691,1.09532095282972,0.951506834430775,1.10682924651733,3,3,3,3,3,2,1,1,1,1,1,1,1
707,835,740,754,771,690,0,0,0,24,0,0,0,0,0,0.0318302387267905,0,0,0,0,0,0.189876400644982,0,0,0,0,0,0.189876400644982,0,0,0,0,0,0.189876400644982,0,0,0,0,0,0.189876400644982,0,0,1,1,1,1,1,1,0,0,0,0.189876400644982,0,0,3,3,3,3,3,2,1,1,1,1,1,1,2
1208,1608,1320,1548,1424,1322,121,229,203,254,163,237,0.100165562913907,0.142412935323383,0.153787878787879,0.164082687338501,0.114466292134831,0.179273827534039,0.882923733484657,1.00990401862098,0.810986212601975,0.978799761679705,0.863063382330058,1.01580223549297,0.882923733484657,1.00990401862098,0.810986212601975,0.978799761679705,0.863063382330058,1.01580223549297,0.882923733484657,1.00990401862098,0.810986212601975,0.978799761679705,0.863063382330058,1.01580223549297,0.882923733484657,1.00990401862098,0.810986212601975,0.978799761679705,0.863063382330058,1.01580223549297,1,1,1,1,1,1,1.13044988500289,1.00990401862098,0.810986212601975,0.978799761679705,0.863063382330058,1.01580223549297,3,3,3,3,3,2,1,1,1,1,1,1,1
583,703,629,663,606,570,158,285,320,343,203,195,0.271012006861063,0.405405405405405,0.508744038155803,0.517345399698341,0.334983498349835,0.342105263157895,0.987154614629206,0.957489917119466,0.959037785066897,0.998557014514758,0.879486912557781,0.970614759297179,0.987154614629206,0.957489917119466,0.959037785066897,0.998557014514758,0.879486912557781,0.970614759297179,0.987154614629206,0.957489917119466,0.959037785066897,0.998557014514758,0.879486912557781,0.970614759297179,0.987154614629206,0.957489917119466,0.959037785066897,0.998557014514758,0.879486912557781,0.970614759297179,1,1,1,1,1,1,2.96146384388762,2.77275862191865,2.66081575262035,2.99567104354427,2.52594398905896,1.94122951859436,3,3,3,3,3,2,1,1,1,1,1,1,1
379,555,467,541,539,476,40,1,4,73,1,0,0.105540897097625,0.0018018018018018,0.00856531049250535,0.134935304990758,0.00185528756957328,0,1.04018885512705,0,0,0.765369840770306,0,0,1.04018885512705,0,0,0.765369840770306,0,0,1.04018885512705,0,0,0.765369840770306,0,0,1.04018885512705,0,0,0.765369840770306,0,0,1,1,1,1,1,1,1.04018885512705,0.0122192934637394,0.0443313085072299,0.765369840770306,0.0138641185278082,0,2,3,3,3,3,2,1,1,1,1,1,1,9
1140,1253,1108,1181,1128,1124,109,218,203,249,169,189,0.0956140350877193,0.173982442138867,0.183212996389892,0.210838272650296,0.149822695035461,0.168149466192171,0.97616521401411,1.06652107700573,0.864441794143508,0.957655611989086,1.02486199139178,0.956921700817888,0.97616521401411,1.06652107700573,0.864441794143508,0.957655611989086,1.02486199139178,0.956921700817888,0.97616521401411,1.06652107700573,0.864441794143508,0.957655611989086,1.02486199139178,0.956921700817888,0.97616521401411,1.06652107700573,0.864441794143508,0.957655611989086,1.02486199139178,0.956921700817888,1,1,1,1,1,1,0.97616521401411,1.06652107700573,0.864441794143508,1.05485668466802,1.02486199139178,0.956921700817888,2,2,2,2,2,2,1,1,1,1,1,1,1
1016,1114,982,1022,1116,997,0,0,0,29,0,1,0,0,0,0.0283757338551859,0,0.00100300902708124,0,0,0,0.145035310727948,0,0,0,0,0,0.145035310727948,0,0,0,0,0,0.145035310727948,0,0,0,0,0,0.145035310727948,0,0,1,1,1,1,1,1,0,0,0,0.145035310727948,0,0.00572279615584305,2,2,2,2,2,2,1,1,1,1,1,1,2
810,886,711,741,803,788,0,0,0,24,0,0,0,0,0,0.0323886639676113,0,0,0,0,0,0.165546377287687,0,0,0,0,0,0.165546377287687,0,0,0,0,0,0.165546377287687,0,0,0,0,0,0.165546377287687,0,0,1,1,1,1,1,1,0,0,0,0.165546377287687,0,0,2,2,2,2,2,2,1,1,1,1,1,1,2
336,370,329,395,330,343,27,43,46,63,24,56,0.0803571428571429,0.116216216216216,0.139817629179331,0.159493670886076,0.0727272727272727,0.163265306122449,0.893473775890869,0.872592657854129,0.807263528924514,0.899870247963664,0.603397341206171,1.02448938002368,0.893473775890869,0.872592657854129,0.807263528924514,0.899870247963664,0.603397341206171,1.02448938002368,0.893473775890869,0.872592657854129,0.807263528924514,0.899870247963664,0.603397341206171,1.02448938002368,0.893473775890869,0.872592657854129,0.807263528924514,0.899870247963664,0.603397341206171,1.02448938002368,1,1,1,1,1,1,0.893473775890869,0.872592657854129,0.807263528924514,0.899870247963664,0.603397341206171,1.02448938002368,2,2,2,2,2,2,1,1,1,1,1,1,12
361,386,313,365,361,341,48,59,65,98,46,84,0.132963988919668,0.152849740932642,0.207667731629393,0.268493150684932,0.127423822714681,0.24633431085044,1.1834026566808,0.967704026895949,0.989094315673341,1.00087128034079,0.903148009622144,1.19212039346005,1.1834026566808,0.967704026895949,0.989094315673341,1.00087128034079,0.903148009622144,1.19212039346005,1.1834026566808,0.967704026895949,0.989094315673341,1.00087128034079,0.903148009622144,1.19212039346005,1.1834026566808,0.967704026895949,0.989094315673341,1.00087128034079,0.903148009622144,1.19212039346005,1,1,1,1,1,1,1.31669680517216,0.967704026895949,0.989094315673341,1.37233411254307,0.903148009622144,1.40962568370454,2,2,2,2,2,2,1,1,1,1,1,1,1
766,960,812,884,881,875,43,82,78,94,63,66,0.056135770234987,0.0854166666666667,0.0960591133004926,0.106334841628959,0.0715096481271283,0.0754285714285714,0.624161546952484,0.641338692812361,0.554615460464256,0.59994581460337,0.593295058819348,0.473314093570939,0.624161546952484,0.641338692812361,0.554615460464256,0.59994581460337,0.593295058819348,0.473314093570939,0.624161546952484,0.641338692812361,0.554615460464256,0.59994581460337,0.593295058819348,0.473314093570939,0.624161546952484,0.641338692812361,0.554615460464256,0.59994581460337,0.593295058819348,0.473314093570939,1,1,1,1,1,1,0.624161546952484,0.641338692812361,0.554615460464256,0.59994581460337,0.593295058819348,0.473314093570939,2,2,2,2,2,2,1,1,1,1,1,1,18
48,95,67,71,73,63,6,26,19,22,11,24,0.125,0.273684210526316,0.283582089552239,0.309859154929577,0.150684931506849,0.380952380952381,1.11252176839003,0.866358395533251,1.18035496917517,1.15507277682331,0.947085259215273,0.99593119642365,1.11252176839003,0.866358395533251,1.18035496917517,1.15507277682331,0.947085259215273,0.99593119642365,1.11252176839003,0.866358395533251,1.18035496917517,1.15507277682331,0.947085259215273,0.99593119642365,1.11252176839003,0.866358395533251,1.18035496917517,1.15507277682331,0.947085259215273,0.99593119642365,1,1,1,1,1,1,1.23783215277903,1.7327167910665,1.35066449949698,1.58376587003748,1.06801689881165,2.17357248280972,2,2,2,2,2,2,1,1,1,1,1,1,1
594,576,573,587,636,565,0,0,0,15,0,0,0,0,0,0.0255536626916525,0,0,0,0,0,0.131993618342981,0,0,0,0,0,0.131993618342981,0,0,0,0,0,0.131993618342981,0,0,0,0,0,0.131993618342981,0,0,1,1,1,1,1,1,0,0,0,0.131993618342981,0,0,2,2,2,2,2,2,1,1,1,1,1,1,2
669,711,611,708,788,755,48,117,130,163,103,110,0.0717488789237668,0.164556962025316,0.212765957446809,0.230225988700565,0.130710659898477,0.145695364238411,0.727048772495587,0.96320915392273,1.0110158263638,1.02585433695927,0.925658300084293,0.838260310763669,0.727048772495587,0.96320915392273,1.0110158263638,1.02585433695927,0.925658300084293,0.838260310763669,0.727048772495587,0.96320915392273,1.0110158263638,1.02585433695927,0.925658300084293,0.838260310763669,0.727048772495587,0.96320915392273,1.0110158263638,1.02585433695927,0.925658300084293,0.838260310763669,1,1,1,1,1,1,0.727048772495587,1.05515373931219,1.0110158263638,1.18919787162663,0.925658300084293,0.838260310763669,2,2,2,2,2,2,1,1,1,1,1,1,1
83,72,86,87,69,73,15,0,0,0,0,0,0.180722891566265,0,0,0,0,0,0.915654421685896,0,0,0,0,0,0.915654421685896,0,0,0,0,0,0.915654421685896,0,0,0,0,0,0.915654421685896,0,0,0,0,0,1,1,1,1,1,1,1.83130884337179,0,0,0,0,0,2,2,2,2,2,2,1,1,1,1,1,1,5
391,490,422,490,433,450,31,64,55,60,49,61,0.0792838874680307,0.130612244897959,0.130331753554502,0.122448979591837,0.113163972286374,0.135555555555556,0.872488405323071,0.968058624904693,0.745724043670755,0.698188652484434,0.914738770674787,0.836375361058158,0.872488405323071,0.968058624904693,0.745724043670755,0.698188652484434,0.914738770674787,0.836375361058158,0.872488405323071,0.968058624904693,0.745724043670755,0.698188652484434,0.914738770674787,0.836375361058158,0.872488405323071,0.968058624904693,0.745724043670755,0.698188652484434,0.914738770674787,0.836375361058158,1,1,1,1,1,1,0.872488405323071,0.968058624904693,0.745724043670755,0.698188652484434,0.914738770674787,0.836375361058158,2,2,2,2,2,2,1,1,1,1,1,1,1
421,559,455,503,537,443,109,185,191,228,174,154,0.258907363420428,0.330948121645796,0.41978021978022,0.453280318091451,0.324022346368715,0.347629796839729,1.21706126879346,1.03414326509,0.992866173151943,1.01310303017055,1.05045397854022,0.975126119040696,1.21706126879346,1.03414326509,0.992866173151943,1.01310303017055,1.05045397854022,0.975126119040696,1.21706126879346,1.03414326509,0.992866173151943,1.01310303017055,1.05045397854022,0.975126119040696,1.21706126879346,1.03414326509,0.992866173151943,1.01310303017055,1.05045397854022,0.975126119040696,1,1,1,1,1,1,2.53754383263122,2.06828653018001,1.98573234630389,2.34139499644116,2.23751561458264,1.95025223808139,2,2,2,2,2,2,1,1,1,1,1,1,1
130,110,116,115,147,104,0,0,25,0,0,0,0,0,0.21551724137931,0,0,0,0,0,1.01724418354166,0,0,0,0,0,1.01724418354166,0,0,0,0,0,1.01724418354166,0,0,0,0,0,1.01724418354166,0,0,0,1,1,1,1,1,1,0,0,1.01724418354166,0,0,0,2,2,2,2,2,2,1,1,1,1,1,1,6
662,772,670,741,764,706,77,140,175,161,121,124,0.11631419939577,0.181347150259067,0.261194029850746,0.217273954116059,0.158376963350785,0.175637393767705,1.05229664869786,0.946354055674597,1.09924401791254,0.92146517938699,1.03068304122543,0.985350575239019,1.05229664869786,0.946354055674597,1.09924401791254,0.92146517938699,1.03068304122543,0.985350575239019,1.05229664869786,0.946354055674597,1.09924401791254,0.92146517938699,1.03068304122543,0.985350575239019,1.05229664869786,0.946354055674597,1.09924401791254,0.92146517938699,1.03068304122543,0.985350575239019,1,1,1,1,1,1,1.14171686522237,1.13334339624624,1.23283921945646,1.12231687262823,1.09366200343576,0.985350575239019,2,2,2,2,2,2,1,1,1,1,1,1,1
189,179,146,150,188,148,48,71,77,81,79,53,0.253968253968254,0.396648044692737,0.527397260273973,0.54,0.420212765957447,0.358108108108108,1.19384370272212,1.12800127042178,1.17335959421831,1.20692563620581,1.36229546134787,1.00451852180399,1.19384370272212,1.12800127042178,1.17335959421831,1.20692563620581,1.36229546134787,1.00451852180399,1.19384370272212,1.12800127042178,1.17335959421831,1.20692563620581,1.36229546134787,1.00451852180399,1.19384370272212,1.12800127042178,1.17335959421831,1.20692563620581,1.36229546134787,1.00451852180399,1,1,1,1,1,1,2.4891357589346,2.47888340921982,2.48932193079292,2.78934082865503,2.90175241249204,2.00903704360798,2,2,2,2,2,2,1,1,1,1,1,1,1
419,440,456,494,467,464,46,73,112,112,53,82,0.109785202863962,0.165909090909091,0.245614035087719,0.226720647773279,0.113490364025696,0.176724137931034,0.991728354471286,0.985619561045412,1.0336750764932,0.961528882838598,0.783700459113399,0.991447363420072,0.991728354471286,0.985619561045412,1.0336750764932,0.961528882838598,0.783700459113399,0.991447363420072,0.991728354471286,0.985619561045412,1.0336750764932,0.961528882838598,0.783700459113399,0.991447363420072,0.991728354471286,0.985619561045412,1.0336750764932,0.961528882838598,0.783700459113399,0.991447363420072,1,1,1,1,1,1,1.07600170486165,1.03686202011125,1.1593014414538,1.17111325839467,0.783700459113399,0.991447363420072,2,2,2,2,2,2,1,1,1,1,1,1,1
235,304,259,286,311,357,30,52,47,54,39,77,0.127659574468085,0.171052631578947,0.181467181467181,0.188811188811189,0.12540192926045,0.215686274509804,1.15319384049066,1.01617589927537,0.856527457709522,0.975293996033227,0.865955011941536,1.11701012722586,1.15319384049066,1.01617589927537,0.856527457709522,0.975293996033227,0.865955011941536,1.11701012722586,1.15319384049066,1.01617589927537,0.856527457709522,0.975293996033227,0.865955011941536,1.11701012722586,1.15319384049066,1.01617589927537,0.856527457709522,0.975293996033227,0.865955011941536,1.11701012722586,1,1,1,1,1,1,1.25118792137936,1.06900698540669,0.856527457709522,0.975293996033227,0.865955011941536,1.21003045023818,2,2,2,2,2,2,1,1,1,1,1,1,1
244,316,318,366,342,342,18,55,71,60,43,45,0.0737704918032787,0.174050632911392,0.223270440251572,0.163934426229508,0.125730994152047,0.131578947368421,0.723022528338073,1.03398618767552,0.967084749974009,0.846794422785376,0.868227348530077,0.738176470839078,0.723022528338073,1.03398618767552,0.967084749974009,0.846794422785376,0.868227348530077,0.738176470839078,0.723022528338073,1.03398618767552,0.967084749974009,0.846794422785376,0.868227348530077,0.738176470839078,0.723022528338073,1.03398618767552,0.967084749974009,0.846794422785376,0.868227348530077,0.738176470839078,1,1,1,1,1,1,0.723022528338073,1.08774323247322,1.05383938310052,0.846794422785376,0.868227348530077,0.738176470839078,2,2,2,2,2,2,1,1,1,1,1,1,1
185,364,307,276,289,257,33,89,88,82,65,58,0.178378378378378,0.244505494505494,0.286644951140065,0.297101449275362,0.224913494809689,0.22568093385214,0.981492405743992,1.51320761077567,1.46237876811069,1.29205932373517,1.6088226717946,1.28540383283844,0.981492405743992,1.51320761077567,1.46237876811069,1.29205932373517,1.6088226717946,1.28540383283844,0.981492405743992,1.51320761077567,1.46237876811069,1.29205932373517,1.6088226717946,1.28540383283844,0.981492405743992,1.51320761077567,1.46237876811069,1.29205932373517,1.6088226717946,1.28540383283844,1,1,1,1,1,1,1.96298481148798,1.81220109169358,1.64010708236643,1.69403502758602,1.81804411416156,1.39244733836945,2,2,2,2,2,2,1,1,1,1,1,1,1
888,846,772,822,856,825,0,136,0,0,153,0,0,0.160756501182033,0,0,0.178738317757009,0,0,0.992923139556448,0,0,1.09712337061438,0,0,0.992923139556448,0,0,1.09712337061438,0,0,0.992923139556448,0,0,1.09712337061438,0,0,0.992923139556448,0,0,1.09712337061438,0,1,1,1,1,1,1,0,0.992923139556448,0,0,1.2343569981839,0,2,2,2,2,2,2,1,1,1,1,1,1,11
493,617,583,623,592,604,89,220,224,274,167,195,0.18052738336714,0.356564019448947,0.384219554030875,0.439807383627608,0.282094594594595,0.322847682119205,0.908158581050652,1.0081010723634,0.91911752124106,0.963485340293012,0.974064882553796,0.899009771698951,0.908158581050652,1.0081010723634,0.91911752124106,0.963485340293012,0.974064882553796,0.899009771698951,0.908158581050652,1.0081010723634,0.91911752124106,0.963485340293012,0.974064882553796,0.899009771698951,0.908158581050652,1.0081010723634,0.91911752124106,0.963485340293012,0.974064882553796,0.899009771698951,1,1,1,1,1,1,1.8163171621013,2.20234119952148,1.83823504248212,2.26680373248316,1.94812976510759,1.7980195433979,2,2,2,2,2,2,1,1,1,1,1,1,1
279,311,288,338,309,315,73,109,129,140,100,114,0.261648745519713,0.35048231511254,0.447916666666667,0.414201183431953,0.323624595469256,0.361904761904762,1.13683355560982,0.990906480848524,0.989626712898555,1.06741362645867,1.05169144560365,1.00776909792597,1.13683355560982,0.990906480848524,0.989626712898555,1.06741362645867,1.05169144560365,1.00776909792597,1.13683355560982,0.990906480848524,0.989626712898555,1.06741362645867,1.05169144560365,1.00776909792597,1.13683355560982,0.990906480848524,0.989626712898555,1.06741362645867,1.05169144560365,1.00776909792597,1,1,1,1,1,1,2.63249318782424,2.16477715129228,2.14298336495462,2.13482725291734,2.23493366847605,2.01553819585195,2,2,2,2,2,2,1,1,1,1,1,1,1
1148,1545,1263,1349,1420,1222,1,0,271,0,0,2,0.000871080139372822,0,0.214568487727633,0,0,0.0016366612111293,0,0,1.01648429302439,0,0,0,0,0,1.01648429302439,0,0,0,0,0,1.01648429302439,0,0,0,0,0,1.01648429302439,0,0,0,1,1,1,1,1,1,0.00873737367229514,0,1.01648429302439,0,0,0.00907630482065745,2,2,2,2,2,2,1,1,1,1,1,1,6
872,1027,909,961,1003,941,185,374,390,420,296,352,0.212155963302752,0.364167478091529,0.429042904290429,0.437044745057232,0.295114656031904,0.374070138150903,0.945090476974555,1.01412532402325,1.01626146938776,0.98788453536831,1.03368432529733,1.03039166197361,0.945090476974555,1.01412532402325,1.01626146938776,0.98788453536831,1.03368432529733,1.03039166197361,0.945090476974555,1.01412532402325,1.01626146938776,0.98788453536831,1.03368432529733,1.03039166197361,0.945090476974555,1.01412532402325,1.01626146938776,0.98788453536831,1.03368432529733,1.03039166197361,1,1,1,1,1,1,2.1280314455528,2.25776145879795,2.03252293877553,2.23491141424187,2.06736865059465,2.07445167947762,2,2,2,2,2,2,1,1,1,1,1,1,1
163,199,190,210,191,176,1,17,0,0,0,0,0.00613496932515337,0.085427135678392,0,0,0,0,0,0.529630200590565,0,0,0,0,0,0.529630200590565,0,0,0,0,0,0.529630200590565,0,0,0,0,0,0.529630200590565,0,0,0,0,1,1,1,1,1,1,0.0615368403422995,0.529630200590565,0,0,0,0,2,2,2,2,2,2,1,1,1,1,1,1,15
145,96,122,86,115,103,0,0,0,0,14,0,0,0,0,0,0.121739130434783,0,0,0,0,0,0.826696050234042,0,0,0,0,0,0.826696050234042,0,0,0,0,0,0.826696050234042,0,0,0,0,0,0.826696050234042,0,1,1,1,1,1,1,0,0,0,0,0.826696050234042,0,2,2,2,2,2,2,1,1,1,1,1,1,19
300,419,372,438,478,462,43,116,132,170,148,150,0.143333333333333,0.276849642004773,0.354838709677419,0.388127853881279,0.309623430962343,0.324675324675325,1.27457849154889,0.840166600399368,0.843900739990746,0.963696028937234,1.0200209301387,0.936802319500989,1.27457849154889,0.840166600399368,0.843900739990746,0.963696028937234,1.0200209301387,0.936802319500989,1.27457849154889,0.840166600399368,0.843900739990746,0.963696028937234,1.0200209301387,0.936802319500989,1.27457849154889,0.840166600399368,0.843900739990746,0.963696028937234,1.0200209301387,0.936802319500989,1,1,1,1,1,1,1.41881248389363,1.68033320079874,1.68780147998149,1.92739205787447,2.13789527675261,1.79446984421082,2,2,2,2,2,2,1,1,1,1,1,1,1
574,565,556,635,608,540,0,0,28,0,0,0,0,0,0.0503597122302158,0,0,0,0,0,0.239537554712873,0,0,0,0,0,0.239537554712873,0,0,0,0,0,0.239537554712873,0,0,0,0,0,0.239537554712873,0,0,0,1,1,1,1,1,1,0,0,0.239537554712873,0,0,0,2,2,2,2,2,2,1,1,1,1,1,1,20
811,1025,897,1007,931,1011,0,173,179,0,151,146,0,0.168780487804878,0.199554069119286,0,0.16219119226638,0.144411473788328,0,1.02440969492261,0.949185204461061,0,1.02187075138509,0.798947722321506,0,1.02440969492261,0.949185204461061,0,1.02187075138509,0.798947722321506,0,1.02440969492261,0.949185204461061,0,1.02187075138509,0.798947722321506,0,1.02440969492261,0.949185204461061,0,1.02187075138509,0.798947722321506,1,1,1,1,1,1,0,1.02440969492261,0.949185204461061,0,1.11990162630599,0.798947722321506,2,2,2,2,2,2,1,1,1,1,1,1,7
736,763,722,826,777,762,55,104,144,158,93,140,0.0747282608695652,0.136304062909568,0.199445983379501,0.191283292978208,0.11969111969112,0.183727034120735,0.740718430129564,0.827294702829187,0.948671091241171,0.949887765084352,0.826446107975585,1.01545327667153,0.740718430129564,0.827294702829187,0.948671091241171,0.949887765084352,0.826446107975585,1.01545327667153,0.740718430129564,0.827294702829187,0.948671091241171,0.949887765084352,0.826446107975585,1.01545327667153,0.740718430129564,0.827294702829187,0.948671091241171,0.949887765084352,0.826446107975585,1.01545327667153,1,1,1,1,1,1,0.740718430129564,0.827294702829187,0.948671091241171,0.949887765084352,0.826446107975585,1.01545327667153,2,2,2,2,2,2,1,1,1,1,1,1,1
273,259,206,221,199,280,0,0,0,0,10,0,0,0,0,0,0.050251256281407,0,0,0,0,0,0.346976077104355,0,0,0,0,0,0.346976077104355,0,0,0,0,0,0.346976077104355,0,0,0,0,0,0.346976077104355,0,1,1,1,1,1,1,0,0,0,0,0.346976077104355,0,2,2,2,2,2,2,1,1,1,1,1,1,13
235,318,312,272,290,329,19,34,46,30,26,46,0.0808510638297872,0.106918238993711,0.147435897435897,0.110294117647059,0.0896551724137931,0.139817629179331,0.800319758356624,0.648938049733756,0.701283482066902,0.54770613409322,0.619053180323425,0.772767439294191,0.800319758356624,0.648938049733756,0.701283482066902,0.54770613409322,0.619053180323425,0.772767439294191,0.800319758356624,0.648938049733756,0.701283482066902,0.54770613409322,0.619053180323425,0.772767439294191,0.800319758356624,0.648938049733756,0.701283482066902,0.54770613409322,0.619053180323425,0.772767439294191,1,1,1,1,1,1,0.800319758356624,0.648938049733756,0.701283482066902,0.54770613409322,0.619053180323425,0.772767439294191,2,2,2,2,2,2,1,1,1,1,1,1,18
348,429,407,444,472,441,69,137,194,185,147,155,0.198275862068966,0.319347319347319,0.476658476658477,0.416666666666667,0.311440677966102,0.351473922902494,0.985928377343556,0.942782567277109,1.08978167754676,1.04128393431831,1.09851690726816,0.988107103413116,0.985928377343556,0.942782567277109,1.08978167754676,1.04128393431831,1.09851690726816,0.988107103413116,0.985928377343556,0.942782567277109,1.08978167754676,1.04128393431831,1.09851690726816,0.988107103413116,0.985928377343556,0.942782567277109,1.08978167754676,1.04128393431831,1.09851690726816,0.988107103413116,1,1,1,1,1,1,1.97185675468711,1.88556513455422,2.14115131516394,2.08256786863662,2.08284970581021,1.9259887392914,2,2,2,2,2,2,1,1,1,1,1,1,1
1249,1345,1188,1262,1353,1247,113,204,244,271,212,210,0.0904723779023219,0.151672862453532,0.205387205387205,0.214738510301109,0.156688839615669,0.168404170008019,0.900470259909374,0.895542389035611,0.923377199759857,0.988257446331189,0.972578051528582,0.921458911150651,0.900470259909374,0.895542389035611,0.923377199759857,0.988257446331189,0.972578051528582,0.921458911150651,0.900470259909374,0.895542389035611,0.923377199759857,0.988257446331189,0.972578051528582,0.921458911150651,0.900470259909374,0.895542389035611,0.923377199759857,0.988257446331189,0.972578051528582,0.921458911150651,1,1,1,1,1,1,0.900470259909374,0.895542389035611,0.923377199759857,1.07088071415356,1.04790198129726,0.921458911150651,2,2,2,2,2,2,1,1,1,1,1,1,1
311,389,356,331,384,407,40,54,80,76,64,63,0.128617363344051,0.138817480719794,0.224719101123595,0.229607250755287,0.166666666666667,0.154791154791155,1.14806609707044,0.837492631798744,1.00796051898339,0.9968973163979,1.06210844618797,0.861857190553243,1.14806609707044,0.837492631798744,1.00796051898339,0.9968973163979,1.06210844618797,0.861857190553243,1.14806609707044,0.837492631798744,1.00796051898339,0.9968973163979,1.06210844618797,0.861857190553243,1.14806609707044,0.837492631798744,1.00796051898339,0.9968973163979,1.06210844618797,0.861857190553243,1,1,1,1,1,1,1.24356266669224,0.837492631798744,1.05324940949366,1.13313924512066,1.10800007469227,0.861857190553243,2,2,2,2,2,2,1,1,1,1,1,1,1
304,321,282,328,365,343,16,59,59,61,68,68,0.0526315789473684,0.18380062305296,0.209219858156028,0.185975609756098,0.186301369863014,0.198250728862974,0.505449051526727,0.997188595058064,0.947203664105219,0.933976490770663,1.21338940414479,1.01413004082307,0.505449051526727,0.997188595058064,0.947203664105219,0.933976490770663,1.21338940414479,1.01413004082307,0.505449051526727,0.997188595058064,0.947203664105219,0.933976490770663,1.21338940414479,1.01413004082307,0.505449051526727,0.997188595058064,0.947203664105219,0.933976490770663,1.21338940414479,1.01413004082307,1,1,1,1,1,1,0.505449051526727,0.997188595058064,0.947203664105219,0.933976490770663,1.21338940414479,1.07574231513423,2,2,2,2,2,2,1,0,1,1,1,1,1
555,520,591,531,572,573,52,4,2,104,0,0,0.0936936936936937,0.00769230769230769,0.00338409475465313,0.195856873822976,0,0,0.89979038361875,0,0,0.983600569700499,0,0,0.89979038361875,0,0,0.983600569700499,0,0,0.89979038361875,0,0,0.983600569700499,0,0,0.89979038361875,0,0,0.983600569700499,0,0,1,1,1,1,1,1,0.89979038361875,0.041733707824464,0.0153208542417432,0.983600569700499,0,0,2,2,2,2,2,2,1,0,1,1,1,1,14
383,425,420,463,468,464,44,38,94,111,67,81,0.114882506527415,0.0894117647058824,0.223809523809524,0.239740820734341,0.143162393162393,0.174568965517241,1.01992966039184,0.498954817368557,0.982161613227677,0.96124263334288,0.980551352781398,0.949541248317294,1.01992966039184,0.498954817368557,0.982161613227677,0.96124263334288,0.980551352781398,0.949541248317294,1.01992966039184,0.498954817368557,0.982161613227677,0.96124263334288,0.980551352781398,0.949541248317294,1.01992966039184,0.498954817368557,0.982161613227677,0.96124263334288,0.980551352781398,0.949541248317294,1,1,1,1,1,1,1.01992966039184,0.498954817368557,1.05831685006679,1.19724299085581,0.980551352781398,0.949541248317294,1,2,2,2,2,2,1,0,1,1,1,1,17
655,688,674,740,784,777,43,46,165,152,118,140,0.0656488549618321,0.0668604651162791,0.244807121661721,0.205405405405405,0.150510204081633,0.18018018018018,0.802050484869544,0.41247668896585,1.02580578539238,1.09274247150466,1.1399518633082,1.20483506424412,0.802050484869544,0.41247668896585,1.02580578539238,1.09274247150466,1.1399518633082,1.20483506424412,0.802050484869544,0.41247668896585,1.02580578539238,1.09274247150466,1.1399518633082,1.20483506424412,0.802050484869544,0.41247668896585,1.02580578539238,1.09274247150466,1.1399518633082,1.20483506424412,1,1,1,1,1,1,0.802050484869544,0.41247668896585,1.18044820655425,1.09274247150466,1.1399518633082,1.20483506424412,4,3,2,3,2,3,2,1,1,1,2,1,17
326,363,343,364,372,434,0,0,0,10,0,0,0,0,0,0.0274725274725275,0,0,0,0,0,0.136755981348391,0,0,0,0,0,0.136755981348391,0,0,0,0,0,0.136755981348391,0,0,0,0,0,0.136755981348391,0,0,1,1,1,1,1,1,0,0,0,0.136755981348391,0,0,2,2,2,2,2,2,1,0,1,1,1,2,2
1049,1145,1049,1089,1158,1380,100,63,214,198,148,435,0.0953288846520496,0.0550218340611354,0.204003813155386,0.181818181818182,0.127806563039724,0.315217391304348,0.964566281933523,0.311230035817445,0.950529205235891,0.905075949287534,0.8845827566914,1.00205019061913,0.964566281933523,0.311230035817445,0.950529205235891,0.905075949287534,0.8845827566914,1.00205019061913,0.964566281933523,0.311230035817445,0.950529205235891,0.905075949287534,0.8845827566914,1.00205019061913,0.964566281933523,0.311230035817445,0.950529205235891,0.905075949287534,0.8845827566914,1.00205019061913,1,1,1,1,1,1,0.964566281933523,0.311230035817445,0.950529205235891,0.905075949287534,0.8845827566914,2.06028172662148,2,2,2,2,2,2,1,0,1,1,1,2,22
611,695,670,719,697,859,69,54,158,149,107,239,0.112929623567921,0.0776978417266187,0.235820895522388,0.207232267037552,0.15351506456241,0.278230500582072,0.995490663018132,0.439496474011479,1.01641652914368,1.00675124988169,0.965733280208971,0.909266480770605,0.995490663018132,0.439496474011479,1.01641652914368,1.00675124988169,0.965733280208971,0.909266480770605,0.995490663018132,0.439496474011479,1.01641652914368,1.00675124988169,0.965733280208971,0.909266480770605,0.995490663018132,0.439496474011479,1.01641652914368,1.00675124988169,0.965733280208971,0.909266480770605,1,1,1,1,1,1,1.1434379832652,0.439496474011479,1.09877675780588,1.03158517446611,1.06251804112804,1.81853296154121,2,2,2,2,2,2,1,0,1,1,1,2,17
378,434,377,465,481,605,68,152,148,209,127,152,0.17989417989418,0.350230414746544,0.392572944297082,0.449462365591398,0.264033264033264,0.251239669421488,0.909244067668129,0.990536087953845,0.914571259645025,0.965686703046043,0.913721748718726,1.59099718048511,0.909244067668129,0.990536087953845,0.914571259645025,0.965686703046043,0.913721748718726,1.59099718048511,0.909244067668129,0.990536087953845,0.914571259645025,0.965686703046043,0.913721748718726,1.59099718048511,0.909244067668129,0.990536087953845,0.914571259645025,0.965686703046043,0.913721748718726,1.59099718048511,1,1,1,1,1,1,1.81848813533626,1.98107217590769,1.82914251929005,2.2373866746366,1.82744349743745,1.64756560102217,2,2,2,2,2,2,1,0,1,1,1,2,1
545,728,637,743,725,911,62,51,131,132,78,306,0.113761467889908,0.070054945054945,0.205651491365777,0.177658142664872,0.107586206896552,0.33589462129528,1.00118220649769,0.39626456352607,0.958206347322517,0.884367616665881,0.744632366406281,1.06778140604526,1.00118220649769,0.39626456352607,0.958206347322517,0.884367616665881,0.744632366406281,1.06778140604526,1.00118220649769,0.39626456352607,0.958206347322517,0.884367616665881,0.744632366406281,1.06778140604526,1.00118220649769,0.39626456352607,0.958206347322517,0.884367616665881,0.744632366406281,1.06778140604526,1,1,1,1,1,1,1.14997538963142,0.39626456352607,0.958206347322517,0.884367616665881,0.744632366406281,2.19542946999689,2,2,2,2,2,2,1,0,1,1,1,2,22
361,469,447,460,510,526,72,187,193,207,172,156,0.199445983379501,0.398720682302772,0.431767337807606,0.45,0.337254901960784,0.296577946768061,1.00806528212709,1.02015665521987,1.00588184628804,0.966841830681265,1.10797251693007,0.971072687700212,1.00806528212709,1.02015665521987,1.00588184628804,0.966841830681265,1.10797251693007,0.971072687700212,1.00806528212709,1.02015665521987,1.00588184628804,0.966841830681265,1.10797251693007,0.971072687700212,1.00806528212709,1.02015665521987,1.00588184628804,0.966841830681265,1.10797251693007,0.971072687700212,1,1,1,1,1,1,2.01613056425418,2.2553565207653,2.01176369257608,2.24006297448665,2.33422966543146,1.94214537540042,2,2,2,2,2,2,1,0,1,1,1,2,1
778,868,968,871,949,1192,98,173,209,208,113,147,0.125964010282776,0.199308755760369,0.215909090909091,0.238805970149254,0.119072708113804,0.123322147651007,1.00707197756502,0.932187074914356,1.00600029681163,0.902702164477475,0.824133455159744,0.806041716929787,1.00707197756502,0.932187074914356,1.00600029681163,0.902702164477475,0.824133455159744,0.806041716929787,1.00707197756502,0.932187074914356,1.00600029681163,0.902702164477475,0.824133455159744,0.806041716929787,1.00707197756502,0.932187074914356,1.00600029681163,0.902702164477475,0.824133455159744,0.806041716929787,1,1,1,1,1,1,1.27332667634577,1.12868679893994,1.00600029681163,1.18875647070601,0.824133455159744,0.806041716929787,2,2,2,2,2,2,1,0,1,1,1,2,1
199,232,206,253,255,324,32,94,89,112,72,91,0.160804020100503,0.405172413793103,0.432038834951456,0.442687747035573,0.282352941176471,0.280864197530864,0.812756151530719,1.03666389226497,1.00651434908389,0.951131181697863,0.977119394831772,0.917873489531451,0.812756151530719,1.03666389226497,1.00651434908389,0.951131181697863,0.977119394831772,0.917873489531451,0.812756151530719,1.03666389226497,1.00651434908389,0.951131181697863,0.977119394831772,0.917873489531451,0.812756151530719,1.03666389226497,1.00651434908389,0.951131181697863,0.977119394831772,0.917873489531451,1,1,1,1,1,1,1.62551230306144,2.29185062637052,2.01302869816777,2.203663180874,1.95423878966354,1.8357469790629,2,2,2,2,2,2,1,0,1,1,1,2,1
627,694,688,817,790,697,0,0,0,32,0,1,0,0,0,0.0391676866585067,0,0.00143472022955524,0,0,0,0.197291619184129,0,0,0,0,0,0.197291619184129,0,0,0,0,0,0.197291619184129,0,0,0,0,0,0.197291619184129,0,0,1,1,1,1,1,1,0,0,0,0.197291619184129,0,0.00648395400288189,2,2,2,2,2,2,1,0,1,1,1,0,2
1040,1355,1195,1423,1404,1060,240,528,524,648,429,454,0.230769230769231,0.389667896678967,0.438493723849372,0.455375966268447,0.305555555555556,0.428301886792453,1.08773550174587,1.00943491557567,0.981036218476484,0.978443642570039,1.03036742694042,0.967815772058461,1.08773550174587,1.00943491557567,0.981036218476484,0.978443642570039,1.03036742694042,0.967815772058461,1.08773550174587,1.00943491557567,0.981036218476484,0.978443642570039,1.03036742694042,0.967815772058461,1.08773550174587,1.00943491557567,0.981036218476484,0.978443642570039,1.03036742694042,0.967815772058461,1,1,1,1,1,1,2.29595547442713,2.17793189166655,2.04259870958259,2.29377503210613,2.08359242385864,1.93563154411692,2,2,2,2,2,2,1,0,1,1,1,0,1
215,318,288,369,305,283,37,128,143,149,79,121,0.172093023255814,0.40251572327044,0.496527777777778,0.403794037940379,0.259016393442623,0.42756183745583,0.856088824185621,1.04271721791884,1.11087504104613,1.01697580784813,0.883120246416388,0.966143513676766,0.856088824185621,1.04271721791884,1.11087504104613,1.01697580784813,0.883120246416388,0.966143513676766,0.856088824185621,1.04271721791884,1.11087504104613,1.01697580784813,0.883120246416388,0.966143513676766,0.856088824185621,1.04271721791884,1.11087504104613,1.01697580784813,0.883120246416388,0.966143513676766,1,1,1,1,1,1,1.71217764837124,2.24974096680631,2.3129338984774,2.03395161569627,1.76624049283278,1.93228702735353,2,2,2,2,2,2,1,0,1,1,1,0,1
736,975,964,1099,932,904,106,264,274,332,217,276,0.144021739130435,0.270769230769231,0.284232365145228,0.302092811646952,0.232832618025751,0.305309734513274,1,1,1,1,1,1,1,1,1,1,1,1,1,1,1,1,1,1,1,1,1,1,1,1,1,1,1,1,1,1,1.60886345580093,1.79479958247054,1.60501062560569,1.67969681335878,1.85850698505357,1.51748173966854,2,2,2,2,2,2,1,0,1,1,1,0,1
780,745,726,798,771,656,162,284,297,351,219,270,0.207692307692308,0.381208053691275,0.409090909090909,0.43984962406015,0.284046692607004,0.411585365853659,0.978961951571279,0.987519687339412,0.952817016028834,0.946268765365075,0.968461423753183,0.93004215228837,0.978961951571279,0.987519687339412,0.952817016028834,0.946268765365075,0.968461423753183,0.93004215228837,0.978961951571279,0.987519687339412,0.952817016028834,0.946268765365075,0.968461423753183,0.93004215228837,0.978961951571279,0.987519687339412,0.952817016028834,0.946268765365075,0.968461423753183,0.93004215228837,1,1,1,1,1,1,2.06635992698442,2.13064813542588,1.90563403205767,2.21834715176345,1.93692284750637,1.86008430457674,2,2,2,2,2,2,1,0,1,1,1,0,1
682,776,755,811,823,670,43,135,130,148,99,126,0.063049853372434,0.173969072164948,0.172185430463576,0.18249075215783,0.120291616038882,0.188059701492537,0.627291842719828,0.972347975444939,0.802077017172175,0.919224469222723,0.820272108542161,0.849901206628497,0.627291842719828,0.972347975444939,0.802077017172175,0.919224469222723,0.820272108542161,0.849901206628497,0.627291842719828,0.972347975444939,0.802077017172175,0.919224469222723,0.820272108542161,0.849901206628497,0.627291842719828,0.972347975444939,0.802077017172175,0.919224469222723,0.820272108542161,0.849901206628497,1,1,1,1,1,1,0.627291842719828,0.972347975444939,0.802077017172175,0.919224469222723,0.820272108542161,0.849901206628497,2,2,2,2,2,2,1,0,1,1,1,0,1
555,598,651,708,731,568,50,109,128,142,90,121,0.0900900900900901,0.182274247491639,0.196620583717358,0.200564971751412,0.12311901504788,0.213028169014085,0.875843066026296,1.01689902891047,0.914114378919476,0.968014889463083,0.813323760138972,0.966819217977621,0.875843066026296,1.01689902891047,0.914114378919476,0.968014889463083,0.813323760138972,0.966819217977621,0.875843066026296,1.01689902891047,0.914114378919476,0.968014889463083,0.813323760138972,0.966819217977621,0.875843066026296,1.01689902891047,0.914114378919476,0.968014889463083,0.813323760138972,0.966819217977621,1,1,1,1,1,1,0.875843066026296,1.01689902891047,0.914114378919476,0.968014889463083,0.813323760138972,0.966819217977621,2,2,2,2,2,2,1,0,1,1,1,0,1
674,690,671,722,789,605,44,100,120,108,126,124,0.0652818991097923,0.144927536231884,0.178837555886736,0.149584487534626,0.159695817490494,0.20495867768595,0.634661355262972,0.808543570387532,0.831438795654684,0.721960619054126,1.05350682238534,0.930196177318486,0.634661355262972,0.808543570387532,0.831438795654684,0.721960619054126,1.05350682238534,0.930196177318486,0.634661355262972,0.808543570387532,0.831438795654684,0.721960619054126,1.05350682238534,0.930196177318486,0.634661355262972,0.808543570387532,0.831438795654684,0.721960619054126,1.05350682238534,0.930196177318486,1,1,1,1,1,1,0.634661355262972,0.808543570387532,0.831438795654684,0.721960619054126,1.05350682238534,0.930196177318486,2,2,2,2,2,2,1,0,1,1,1,0,1
139,216,162,203,173,180,16,53,37,42,23,48,0.115107913669065,0.24537037037037,0.228395061728395,0.206896551724138,0.132947976878613,0.266666666666667,0.959668397395597,1.28367672553005,1.00508547277874,0.970367421207991,0.845841754575147,1.13131321741133,0.959668397395597,1.28367672553005,1.00508547277874,0.970367421207991,0.845841754575147,1.13131321741133,0.959668397395597,1.28367672553005,1.00508547277874,0.970367421207991,0.845841754575147,1.13131321741133,0.959668397395597,1.28367672553005,1.00508547277874,0.970367421207991,0.845841754575147,1.13131321741133,1,1,1,1,1,1,0.959668397395597,1.28367672553005,1.00508547277874,0.970367421207991,0.845841754575147,1.13131321741133,1,2,2,2,2,2,1,0,1,1,1,0,1
587,534,601,482,565,470,0,0,0,19,0,0,0,0,0,0.0394190871369295,0,0,0,0,0,0.170096480310696,0,0,0,0,0,0.170096480310696,0,0,0,0,0,0.170096480310696,0,0,0,0,0,0.170096480310696,0,0,1,1,1,1,1,1,0,0,0,0.170096480310696,0,0,1,2,2,2,2,2,1,0,1,1,1,0,2
151,187,145,153,152,169,0,32,30,16,23,26,0,0.171122994652406,0.206896551724138,0.104575163398693,0.151315789473684,0.153846153846154,0,0.890528120497564,0.894824187198352,0.451250105316853,0.921960392438111,0.678638239251876,0,0.890528120497564,0.894824187198352,0.451250105316853,0.921960392438111,0.678638239251876,0,0.890528120497564,0.894824187198352,0.451250105316853,0.921960392438111,0.678638239251876,0,0.890528120497564,0.894824187198352,0.451250105316853,0.921960392438111,0.678638239251876,1,1,1,1,1,1,0,0.890528120497564,0.894824187198352,0.451250105316853,0.921960392438111,0.678638239251876,1,2,2,2,2,2,1,0,1,1,1,0,16
337,447,343,438,401,434,33,151,130,149,86,186,0.0979228486646884,0.337807606263982,0.379008746355685,0.340182648401826,0.214463840399002,0.428571428571429,0.859491685208202,0.966891670952736,0.904020961199007,0.864271749221083,0.83868431541509,0.965002650593028,0.859491685208202,0.966891670952736,0.904020961199007,0.864271749221083,0.83868431541509,0.965002650593028,0.859491685208202,0.966891670952736,0.904020961199007,0.864271749221083,0.83868431541509,0.965002650593028,0.859491685208202,0.966891670952736,0.904020961199007,0.864271749221083,0.83868431541509,0.965002650593028,1,1,1,1,1,1,0.859491685208202,1.72407796007028,1.53545759535589,1.43732096140209,1.29137785356559,1.88459417771067,1,2,2,2,2,2,1,0,1,1,1,0,1
291,285,271,277,257,237,33,106,105,95,54,100,0.11340206185567,0.371929824561403,0.387453874538745,0.342960288808664,0.21011673151751,0.421940928270042,0.995356350223931,1.06455817713681,0.924164488151638,0.871328652753356,0.821684470455088,0.950072933073305,0.995356350223931,1.06455817713681,0.924164488151638,0.871328652753356,0.821684470455088,0.950072933073305,0.995356350223931,1.06455817713681,0.924164488151638,0.871328652753356,0.821684470455088,0.950072933073305,0.995356350223931,1.06455817713681,0.924164488151638,0.871328652753356,0.821684470455088,0.950072933073305,1,1,1,1,1,1,0.995356350223931,1.89822846297316,1.56967088551639,1.44905689443319,1.26520206502168,1.85543730576296,1,2,2,2,2,2,1,0,1,1,1,0,1
364,367,346,358,319,318,39,69,66,85,44,81,0.107142857142857,0.188010899182561,0.190751445086705,0.237430167597765,0.137931034482759,0.254716981132075,0.940417850373909,0.959556391043318,0.772780992522603,1.00317684738105,0.830541330039778,1.12008899241294,0.940417850373909,0.959556391043318,0.772780992522603,1.00317684738105,0.830541330039778,1.12008899241294,0.940417850373909,0.959556391043318,0.772780992522603,1.00317684738105,0.830541330039778,1.12008899241294,0.940417850373909,0.959556391043318,0.772780992522603,1.00317684738105,0.830541330039778,1.12008899241294,1,1,1,1,1,1,0.940417850373909,0.959556391043318,0.772780992522603,1.00317684738105,0.830541330039778,1.12008899241294,1,2,2,2,2,2,1,0,1,1,1,0,1
195,149,141,146,171,162,22,50,67,50,44,86,0.112820512820513,0.335570469798658,0.475177304964539,0.342465753424658,0.257309941520468,0.530864197530864,0.966335765067318,0.992807032222848,1.14254336249319,0.918173882430451,0.99188601060358,1.27083914144408,0.966335765067318,0.992807032222848,1.14254336249319,0.918173882430451,0.99188601060358,1.27083914144408,0.966335765067318,0.992807032222848,1.14254336249319,0.918173882430451,0.99188601060358,1.27083914144408,0.966335765067318,0.992807032222848,1.14254336249319,0.918173882430451,0.99188601060358,1.27083914144408,1,1,1,1,1,1,0.966335765067318,1.69170575660242,1.87178461529033,1.36491996427067,1.53633344687676,2.22862591412858,1,2,2,1,2,2,1,0,1,1,1,0,1
466,450,400,426,487,343,1,0,0,0,0,19,0.00214592274678112,0,0,0,0,0.0553935860058309,0,0,0,0,0,0.242820148058465,0,0,0,0,0,0.242820148058465,0,0,0,0,0,0.242820148058465,0,0,0,0,0,0.242820148058465,1,1,1,1,1,1,0.0200777982666141,0,0,0,0,0.242820148058465,2,3,2,2,2,2,1,1,2,1,1,0,4
684,577,612,597,681,563,69,198,247,192,145,260,0.100877192982456,0.34315424610052,0.40359477124183,0.321608040201005,0.212922173274596,0.461811722912966,0.897846967082799,0.984395572181869,0.976537695228417,1.37217149063476,1.32047239276184,1.03111619389411,0.897846967082799,0.984395572181869,0.976537695228417,1.37217149063476,1.32047239276184,1.03111619389411,0.897846967082799,0.984395572181869,0.976537695228417,1.37217149063476,1.32047239276184,1.03111619389411,0.897846967082799,0.984395572181869,0.976537695228417,1.37217149063476,1.32047239276184,1.03111619389411,1,1,1,1,1,1,0.897846967082799,1.75354617641429,1.65275122580412,1.37217149063476,1.32047239276184,2.06223238778822,1,2,2,2,2,2,1,0,1,1,1,0,1
1007,1053,832,959,1069,1087,207,354,428,490,275,384,0.205561072492552,0.336182336182336,0.514423076923077,0.510948905109489,0.257249766136576,0.353265869365225,0.917608712228636,0.815648510236806,0.931603037873827,0.990672036274653,0.749911166007582,0.810264881613851,0.917608712228636,0.815648510236806,0.931603037873827,0.990672036274653,0.749911166007582,0.810264881613851,0.917608712228636,0.815648510236806,0.931603037873827,0.990672036274653,0.749911166007582,0.810264881613851,0.917608712228636,0.815648510236806,0.931603037873827,0.990672036274653,0.749911166007582,0.810264881613851,1,1,1,1,1,1,1.83521742445727,1.69379051910051,1.86320607574765,1.98134407254931,1.49034172808482,1.54489610029045,2,2,2,2,2,2,0,0,0,0,0,0,12
449,484,403,414,547,469,130,223,229,262,200,197,0.289532293986637,0.460743801652893,0.568238213399504,0.632850241545894,0.36563071297989,0.420042643923241,1.20541695482763,1.08912786908237,0.97623773676124,1.08794750660952,0.995301275304033,0.951206923686429,1.20541695482763,1.08912786908237,0.97623773676124,1.08794750660952,0.995301275304033,0.951206923686429,1.20541695482763,1.08912786908237,0.97623773676124,1.08794750660952,0.995301275304033,0.951206923686429,1.20541695482763,1.08912786908237,0.97623773676124,1.08794750660952,0.995301275304033,0.951206923686429,1,1,1,1,1,1,2.55144614789391,2.39571119430129,2.07122444717217,2.50420141308997,2.15131173316646,1.90241384737286,2,2,2,2,2,2,0,0,0,0,0,0,1
332,416,376,347,421,442,0,0,0,0,49,0,0,0,0,0,0.116389548693587,0,0,0,0,0,0.684817201710933,0,0,0,0,0,0.684817201710933,0,0,0,0,0,0.684817201710933,0,0,0,0,0,0.684817201710933,0,1,1,1,1,1,1,0,0,0,0,0.684817201710933,0,2,2,2,2,2,2,0,0,0,0,0,0,19
1104,1058,874,892,1001,955,122,211,238,254,207,191,0.110507246376812,0.199432892249527,0.272311212814645,0.2847533632287,0.206793206793207,0.2,0.973823279607947,1.03698326653566,0.993709497571849,1.12405323244773,1.04758613564372,0.905819385195808,0.973823279607947,1.03698326653566,0.993709497571849,1.12405323244773,1.04758613564372,0.905819385195808,0.973823279607947,1.03698326653566,0.993709497571849,1.12405323244773,1.04758613564372,0.905819385195808,0.973823279607947,1.03698326653566,0.993709497571849,1.12405323244773,1.04758613564372,0.905819385195808,1,1,1,1,1,1,0.973823279607947,1.03698326653566,0.993709497571849,1.12405323244773,1.21673764352999,0.905819385195808,2,2,2,2,2,2,0,0,0,0,0,0,1
951,974,748,843,1015,896,104,226,218,248,181,244,0.109358569926393,0.232032854209446,0.29144385026738,0.294187425860024,0.178325123152709,0.272321428571429,0.963700795292841,1.00569479580782,0.947105516552596,0.892090558912029,1.04923606288479,1.15353814219298,0.963700795292841,1.00569479580782,0.947105516552596,0.892090558912029,1.04923606288479,1.15353814219298,0.963700795292841,1.00569479580782,0.947105516552596,0.892090558912029,1.04923606288479,1.15353814219298,0.963700795292841,1.00569479580782,0.947105516552596,0.892090558912029,1.04923606288479,1.15353814219298,1,1,1,1,1,1,0.963700795292841,1.20649199030143,1.06231086438283,1.16129384121742,1.04923606288479,1.23337014502108,2,2,2,2,2,2,0,0,0,0,0,0,1
66,102,75,102,98,116,9,0,0,28,0,0,0.136363636363636,0,0,0.274509803921569,0,0,1.07614498360432,0,0,1.08361716587982,0,0,1.07614498360432,0,0,1.08361716587982,0,0,1.07614498360432,0,0,1.08361716587982,0,0,1.07614498360432,0,0,1.08361716587982,0,0,1,1,1,1,1,1,1.20167760881577,0,0,1.08361716587982,0,0,2,2,2,2,2,2,0,0,0,0,0,0,14
216,289,201,207,226,208,72,131,126,115,84,102,0.333333333333333,0.453287197231834,0.626865671641791,0.555555555555556,0.371681415929204,0.490384615384615,1.51383429395504,1.06987036181941,1.04964680264586,0.959425873492577,0.991468866727706,1.0683570260734,1.51383429395504,1.06987036181941,1.04964680264586,0.959425873492577,0.991468866727706,1.0683570260734,1.51383429395504,1.06987036181941,1.04964680264586,0.959425873492577,0.991468866727706,1.0683570260734,1.51383429395504,1.06987036181941,1.04964680264586,0.959425873492577,0.991468866727706,1.0683570260734,1,1,1,1,1,1,2.86209223015683,2.35957725849477,2.35432869988173,2.16219690195975,2.22973782931116,2.21577832974228,2,2,2,2,2,2,0,0,0,0,0,0,1
628,797,667,717,789,766,0,0,0,18,0,0,0,0,0,0.0251046025104603,0,0,0,0,0,0.100111847995034,0,0,0,0,0,0.100111847995034,0,0,0,0,0,0.100111847995034,0,0,0,0,0,0.100111847995034,0,0,1,1,1,1,1,1,0,0,0,0.100111847995034,0,0,2,2,2,2,2,2,0,0,0,0,0,0,2
593,766,849,850,804,792,3,63,149,140,97,109,0.00505902192242833,0.0822454308093995,0.175500588928151,0.164705882352941,0.120646766169154,0.137626262626263,0,0.550570938737347,0.98959780348005,0.997412005534721,0.93311947430553,0.891352717893,0,0.550570938737347,0.98959780348005,0.997412005534721,0.93311947430553,0.891352717893,0,0.550570938737347,0.98959780348005,0.997412005534721,0.93311947430553,0.891352717893,0,0.550570938737347,0.98959780348005,0.997412005534721,0.93311947430553,0.891352717893,1,1,1,1,1,1,0.0459959040576674,0.550570938737347,0.98959780348005,0.997412005534721,0.93311947430553,0.891352717893,2,2,2,2,2,2,0,2,2,2,2,2,16
402,532,538,553,531,593,93,176,205,239,134,171,0.23134328358209,0.330827067669173,0.381040892193309,0.432188065099458,0.252354048964218,0.288364249578415,1.05167003021405,1.0787721327133,1.02776583732833,1.15014627123782,1.0018617974396,0.955956121752246,1.05167003021405,1.0787721327133,1.02776583732833,1.15014627123782,1.0018617974396,0.955956121752246,1.05167003021405,1.0787721327133,1.02776583732833,1.15014627123782,1.0018617974396,0.955956121752246,1.05167003021405,1.0787721327133,1.02776583732833,1.15014627123782,1.0018617974396,0.955956121752246,1,1,1,1,1,1,2.10334006042811,2.21463693987392,2.14858099481906,2.61720807187262,1.95178441151262,1.8676250644319,2,2,2,2,2,2,0,2,2,2,2,2,1
624,756,792,700,704,705,115,260,267,224,155,201,0.184294871794872,0.343915343915344,0.337121212121212,0.32,0.220170454545455,0.285106382978723,1.20558750192324,1.25717104945049,0.974681195514179,0.9558769997291,0.875522814704056,0.926406539330683,1.20558750192324,1.25717104945049,0.974681195514179,0.9558769997291,0.875522814704056,0.926406539330683,1.20558750192324,1.25717104945049,0.974681195514179,0.9558769997291,0.875522814704056,0.926406539330683,1.20558750192324,1.25717104945049,0.974681195514179,0.9558769997291,0.875522814704056,0.926406539330683,1,1,1,1,1,1,1.77080616678481,2.25856870303077,1.94936239102836,1.9117539994582,1.66189114614694,1.8147128677555,1,2,2,2,2,2,1,2,2,2,2,2,1
101,126,148,125,121,131,8,38,52,49,26,33,0.0792079207920792,0.301587301587302,0.351351351351351,0.392,0.214876033057851,0.251908396946565,0.761073128247075,1.10244230490274,1.01582321986173,1.0752153993371,0.854469186901788,0.818535115929069,0.761073128247075,1.10244230490274,1.01582321986173,1.0752153993371,0.854469186901788,0.818535115929069,0.761073128247075,1.10244230490274,1.01582321986173,1.0752153993371,0.854469186901788,0.818535115929069,0.761073128247075,1.10244230490274,1.01582321986173,1.0752153993371,0.854469186901788,0.818535115929069,1,1,1,1,1,1,0.761073128247075,1.9805910165039,2.03164643972345,2.3418986493363,1.62192778134223,1.60340643607655,1,2,2,2,2,2,1,2,2,2,2,2,1
283,389,493,405,411,412,35,57,59,66,55,52,0.123674911660777,0.146529562982005,0.119675456389452,0.162962962962963,0.1338199513382,0.12621359223301,1.07213093155537,0.981177156890638,0.802279261836702,0.985764605919226,1.01605961005659,0.81648070427269,1.07213093155537,0.981177156890638,0.802279261836702,0.985764605919226,1.01605961005659,0.81648070427269,1.07213093155537,0.981177156890638,0.802279261836702,0.985764605919226,1.01605961005659,0.81648070427269,1.07213093155537,0.981177156890638,0.802279261836702,0.985764605919226,1.01605961005659,0.81648070427269,1,1,1,1,1,1,1.23107681692375,0.981177156890638,0.802279261836702,0.985764605919226,1.01605961005659,0.81648070427269,2,2,3,2,2,2,1,2,2,2,2,2,1
839,1249,1532,1274,1294,1378,0,0,0,40,0,0,0,0,0,0.0313971742543171,0,0,0,0,0,0.190071015923867,0,0,0,0,0,0.190071015923867,0,0,0,0,0,0.190071015923867,0,0,0,0,0,0.190071015923867,0,0,1,1,1,1,1,1,0,0,0,0.190071015923867,0,0,2,2,3,2,2,2,1,2,2,2,2,2,2
344,473,501,478,464,544,30,89,160,153,80,161,0.0872093023255814,0.18816067653277,0.31936127744511,0.320083682008368,0.172413793103448,0.295955882352941,0.867547677732188,1.20397528028413,1.01396124572141,0.968094709740472,1.24068438503306,0.984494842766749,0.867547677732188,1.20397528028413,1.01396124572141,0.968094709740472,1.24068438503306,0.984494842766749,0.867547677732188,1.20397528028413,1.01396124572141,0.968094709740472,1.24068438503306,0.984494842766749,0.867547677732188,1.20397528028413,1.01396124572141,0.968094709740472,1.24068438503306,0.984494842766749,1,1,1,1,1,1,0.867547677732188,1.25994341265943,2.14093129583812,1.93618941948094,1.30909247565284,1.91455027134531,2,2,3,2,2,2,1,2,2,2,2,2,1
426,502,565,508,458,510,1,35,160,55,68,56,0.00234741784037559,0.0697211155378486,0.283185840707965,0.108267716535433,0.148471615720524,0.109803921568627,0,0.466859823550221,0.949209362137079,0.654912508853816,1.06839720842148,0.710325897774491,0,0.466859823550221,0.949209362137079,0.654912508853816,1.06839720842148,0.710325897774491,0,0.466859823550221,0.949209362137079,0.654912508853816,1.06839720842148,0.710325897774491,0,0.466859823550221,0.949209362137079,0.654912508853816,1.06839720842148,0.710325897774491,1,1,1,1,1,1,0.0232839478452379,0.466859823550221,1.89841872427416,0.654912508853816,1.127305834929,0.710325897774491,2,2,3,2,2,2,1,2,2,2,2,2,16
1032,1286,1353,1234,1190,1202,96,251,552,352,239,322,0.0930232558139535,0.195178849144635,0.407982261640798,0.285251215559157,0.200840336134454,0.267886855241265,0.922694119262451,1.30693782463841,1.29532987078135,1.42416292889586,0.762463861239483,0.866485314152951,0.922694119262451,1.30693782463841,1.29532987078135,1.42416292889586,0.762463861239483,0.866485314152951,0.922694119262451,1.30693782463841,1.29532987078135,1.42416292889586,0.762463861239483,0.866485314152951,0.922694119262451,1.30693782463841,1.29532987078135,1.42416292889586,0.762463861239483,0.866485314152951,1,1,1,1,1,1,0.922694119262451,1.30693782463841,2.73502786274309,1.7254874787565,1.52492772247897,1.7329706283059,2,2,3,2,2,2,1,2,2,2,2,2,1
452,616,740,583,543,546,0,0,0,18,0,0,0,0,0,0.0308747855917667,0,0,0,0,0,0.219108857580245,0,0,0,0,0,0.219108857580245,0,0,0,0,0,0.219108857580245,0,0,0,0,0,0.219108857580245,0,0,1,1,1,1,1,1,0,0,0,0.219108857580245,0,0,2,3,4,3,3,3,2,2,2,2,2,2,2
52,105,115,152,94,135,9,34,37,48,24,45,0.173076923076923,0.323809523809524,0.321739130434783,0.31578947368421,0.25531914893617,0.333333333333333,0.9574349295302,0.907446127339684,1.16013778899679,0.979075298832222,1.07650811207495,0.838500599771818,0.9574349295302,0.907446127339684,1.16013778899679,0.979075298832222,1.07650811207495,0.838500599771818,0.9574349295302,0.907446127339684,1.16013778899679,0.979075298832222,1.07650811207495,0.838500599771818,0.9574349295302,0.907446127339684,1.16013778899679,0.979075298832222,1.07650811207495,0.838500599771818,1,1,1,1,1,1,1.9148698590604,2.52499668807265,2.43607860659391,2.25181686012198,2.1530162241499,2.51550179931545,2,3,4,3,3,3,2,2,2,2,2,2,1
488,711,937,801,674,751,2,26,145,69,40,68,0.0040983606557377,0.0365682137834037,0.154749199573106,0.0861423220973783,0.0593471810089021,0.0905459387483356,0,0.338175330935291,1.29145589610999,0.678050098568497,0.585816770252538,0.751493072563197,0,0.338175330935291,1.29145589610999,0.678050098568497,0.585816770252538,0.751493072563197,0,0.338175330935291,1.29145589610999,0.678050098568497,0.585816770252538,0.751493072563197,0,0.338175330935291,1.29145589610999,0.678050098568497,0.585816770252538,0.751493072563197,1,1,1,1,1,1,0.0509114947645448,0.338175330935291,1.42036688021181,0.678050098568497,0.585816770252538,0.751493072563197,2,3,4,3,3,3,2,2,2,2,2,2,16
1449,1666,1893,1745,1637,1627,273,579,983,771,549,677,0.188405797101449,0.347539015606243,0.519281563655573,0.441833810888252,0.335369578497251,0.416103257529195,0.969058298804464,0.97394582500558,0.992123311111267,0.954746325000107,0.955653592132091,1.00296664242869,0.969058298804464,0.97394582500558,0.992123311111267,0.954746325000107,0.955653592132091,1.00296664242869,0.969058298804464,0.97394582500558,0.992123311111267,0.954746325000107,0.955653592132091,1.00296664242869,0.969058298804464,0.97394582500558,0.992123311111267,0.954746325000107,0.955653592132091,1.00296664242869,1,1,1,1,1,1,2.08446380793048,2.71003413691436,3.93179003844046,3.15060794497869,2.82805322906434,3.14012547904714,2,3,4,3,3,3,2,2,2,2,2,2,1
250,347,410,391,325,370,48,75,112,109,65,89,0.192,0.216138328530259,0.273170731707317,0.278772378516624,0.2,0.240540540540541,0.98754494942781,0.9455096604085,0.985008221639992,0.993928541626732,0.958759663316428,0.920869927737308,0.98754494942781,0.9455096604085,0.985008221639992,0.993928541626732,0.958759663316428,0.920869927737308,0.98754494942781,0.9455096604085,0.985008221639992,0.993928541626732,0.958759663316428,0.920869927737308,0.98754494942781,0.9455096604085,0.985008221639992,0.993928541626732,0.958759663316428,0.920869927737308,1,1,1,1,1,1,2.124228963651,1.68539997614614,2.06833832913181,1.98785708325346,1.68652937558409,1.81524048761413,2,3,4,3,3,3,2,2,2,2,2,2,1
664,822,1005,821,803,842,70,102,150,98,54,108,0.105421686746988,0.124087591240876,0.149253731343284,0.119366626065773,0.0672478206724782,0.128266033254157,1.01638270851618,0.967608219881856,1.02752324129161,0.851173973517485,0.567077125040727,0.967960312325662,1.01638270851618,0.967608219881856,1.02752324129161,0.851173973517485,0.567077125040727,0.967960312325662,1.01638270851618,0.967608219881856,1.02752324129161,0.851173973517485,0.567077125040727,0.967960312325662,1.01638270851618,0.967608219881856,1.02752324129161,0.851173973517485,0.567077125040727,0.967960312325662,1,1,1,1,1,1,1.16987685246389,0.967608219881856,1.13008890584227,0.851173973517485,0.567077125040727,0.967960312325662,2,3,4,3,3,3,2,2,2,2,2,2,12
474,635,607,581,597,631,0,0,0,27,0,0,0,0,0,0.0464716006884682,0,0,0,0,0,0.224402638486596,0,0,0,0,0,0.224402638486596,0,0,0,0,0,0.224402638486596,0,0,0,0,0,0.224402638486596,0,0,1,1,1,1,1,1,0,0,0,0.224402638486596,0,0,2,2,2,2,2,2,0,0,1,1,1,1,2
727,718,615,667,836,706,93,157,180,200,178,153,0.127922971114168,0.21866295264624,0.292682926829268,0.299850074962519,0.212918660287081,0.21671388101983,1.12064063146398,1.08493039204235,1.00222868914496,1.05281140395873,1.14315914627794,0.958428411403089,1.12064063146398,1.08493039204235,1.00222868914496,1.05281140395873,1.14315914627794,0.958428411403089,1.12064063146398,1.08493039204235,1.00222868914496,1.05281140395873,1.14315914627794,0.958428411403089,1.12064063146398,1.08493039204235,1.00222868914496,1.05281140395873,1.14315914627794,0.958428411403089,1,1,1,1,1,1,1.12064063146398,1.09771424688023,1.06942542274029,1.13252682932984,1.25470878489138,0.958428411403089,1,1,1,1,1,1,1,1,1,1,1,1,1
722,640,576,598,709,592,87,121,162,171,131,113,0.120498614958449,0.1890625,0.28125,0.285953177257525,0.184767277856135,0.190878378378378,1.05560121674359,0.949116424566686,1.0276509921645,1.00401764465988,1.00719622390997,0.844169557111328,1.05560121674359,0.949116424566686,1.0276509921645,1.00401764465988,1.00719622390997,0.844169557111328,1.05560121674359,0.949116424566686,1.0276509921645,1.00401764465988,1.00719622390997,0.844169557111328,1.05560121674359,0.949116424566686,1.0276509921645,1.00401764465988,1.00719622390997,0.844169557111328,1,1,1,1,1,1,1.05560121674359,0.949116424566686,1.0276509921645,1.08003856666283,1.08881544893238,0.844169557111328,1,1,1,1,1,1,1,1,1,1,1,1,1
583,533,429,449,603,559,0,0,0,0,0,18,0,0,0,0,0,0.0322003577817531,0,0,0,0,0,0.146420963480369,0,0,0,0,0,0.146420963480369,0,0,0,0,0,0.146420963480369,0,0,0,0,0,0.146420963480369,1,1,1,1,1,1,0,0,0,0,0,0.146420963480369,1,1,1,1,1,1,1,1,1,1,1,1,8
750,780,699,649,730,713,3,163,200,2,133,163,0.004,0.208974358974359,0.286123032904149,0.00308166409861325,0.182191780821918,0.228611500701262,0,1.02612338080241,0.972602074115373,0,1.00561071196534,1.00345899972605,0,1.02612338080241,0.972602074115373,0,1.00561071196534,1.00345899972605,0,1.02612338080241,0.972602074115373,0,1.00561071196534,1.00345899972605,0,1.02612338080241,0.972602074115373,0,1.00561071196534,1.00345899972605,1,1,1,1,1,1,0.0353309712914968,1.04653029664646,1.05140829526351,0.0117783423004917,1.03590577053922,1.03953864184516,1,1,1,1,1,1,1,1,1,1,1,1,7
145,134,101,127,142,129,11,34,25,34,25,32,0.0758620689655172,0.253731343283582,0.247524752475248,0.267716535433071,0.176056338028169,0.248062015503876,0.67007014518356,1.2458928696493,0.909572275234154,1.02323189449862,1.0010208785524,1.05736778286718,0.67007014518356,1.2458928696493,0.909572275234154,1.02323189449862,1.0010208785524,1.05736778286718,0.67007014518356,1.2458928696493,0.909572275234154,1.02323189449862,1.0010208785524,1.05736778286718,0.67007014518356,1.2458928696493,0.909572275234154,1.02323189449862,1.0010208785524,1.05736778286718,1,1,1,1,1,1,0.67007014518356,1.27067042702427,0.909572275234154,1.02323189449862,1.0010208785524,1.12798371866358,1,1,1,1,1,1,1,1,1,1,1,1,1
157,203,120,157,165,157,24,34,36,37,31,31,0.152866242038217,0.167487684729064,0.3,0.235668789808917,0.187878787878788,0.197452229299363,1.15871155923463,0.83876767104065,1.01615644522818,0.900743100833462,1.03700024660631,0.897851690074774,1.15871155923463,0.83876767104065,1.01615644522818,0.900743100833462,1.03700024660631,0.897851690074774,1.15871155923463,0.83876767104065,1.01615644522818,0.900743100833462,1.03700024660631,0.897851690074774,1.15871155923463,0.83876767104065,1.01615644522818,0.900743100833462,1.03700024660631,0.897851690074774,1,1,1,1,1,1,1.35022820222281,0.83876767104065,1.10240159758379,0.900743100833462,1.0682409472455,0.897851690074774,1,1,1,1,1,1,1,1,1,1,1,1,1
442,452,369,397,437,437,53,101,91,107,60,75,0.119909502262443,0.223451327433628,0.246612466124661,0.269521410579345,0.137299771167048,0.17162471395881,1.05912979550301,1.0972094025139,0.90621992213302,1.03013025739678,0.780658845333316,0.780409216109136,1.05912979550301,1.0972094025139,0.90621992213302,1.03013025739678,0.780658845333316,0.780409216109136,1.05912979550301,1.0972094025139,0.90621992213302,1.03013025739678,0.780658845333316,0.780409216109136,1.05912979550301,1.0972094025139,0.90621992213302,1.03013025739678,0.780658845333316,0.780409216109136,1,1,1,1,1,1,1.05912979550301,1.11903003379402,0.90621992213302,1.03013025739678,0.780658845333316,0.780409216109136,1,1,1,1,1,1,1,1,1,1,1,1,1
760,975,728,864,966,859,106,245,208,216,190,187,0.139473684210526,0.251282051282051,0.285714285714286,0.25,0.196687370600414,0.217694994179278,1.12658260073246,1.1506751500056,0.951858512872472,0.998453455867501,0.964284594755643,1.01499935696406,1.12658260073246,1.1506751500056,0.951858512872472,0.998453455867501,0.964284594755643,1.01499935696406,1.12658260073246,1.1506751500056,0.951858512872472,0.998453455867501,0.964284594755643,1.01499935696406,1.12658260073246,1.1506751500056,0.951858512872472,0.998453455867501,0.964284594755643,1.01499935696406,1,1,1,1,1,1,1.23260876407517,1.31777984545055,1.09162059320935,0.998453455867501,1.17504649818352,1.01499935696406,1,1,1,1,1,1,1,1,1,1,1,1,1
576,688,644,648,729,754,60,148,162,187,104,110,0.104166666666667,0.215116279069767,0.251552795031056,0.28858024691358,0.142661179698217,0.145888594164456,0.969179789477452,1.02940426862823,0.911641121219664,0.997604380799145,0.805123969902279,0.662252358640242,0.969179789477452,1.02940426862823,0.911641121219664,0.997604380799145,0.805123969902279,0.662252358640242,0.969179789477452,1.02940426862823,0.911641121219664,0.997604380799145,0.805123969902279,0.662252358640242,0.969179789477452,1.02940426862823,0.911641121219664,0.997604380799145,0.805123969902279,0.662252358640242,1,1,1,1,1,1,0.969179789477452,1.0989941642333,0.911641121219664,1.12343406036177,0.805123969902279,0.662252358640242,1,1,1,1,1,1,1,1,1,1,1,1,1
251,341,264,285,286,292,0,0,0,0,0,11,0,0,0,0,0,0.0376712328767123,0,0,0,0,0,0.172122943962014,0,0,0,0,0,0.172122943962014,0,0,0,0,0,0.172122943962014,0,0,0,0,0,0.172122943962014,1,1,1,1,1,1,0,0,0,0,0,0.172122943962014,1,1,1,1,1,1,1,1,1,1,1,1,8
906,768,598,740,837,773,84,147,201,224,162,151,0.0927152317880795,0.19140625,0.336120401337793,0.302702702702703,0.193548387096774,0.195342820181113,0.827144302892828,0.986664693429861,1.15239484725716,1.03895764700015,1.01681223003129,0.892537321553939,0.827144302892828,0.986664693429861,1.15239484725716,1.03895764700015,1.01681223003129,0.892537321553939,0.827144302892828,0.986664693429861,1.15239484725716,1.03895764700015,1.01681223003129,0.892537321553939,0.827144302892828,0.986664693429861,1.15239484725716,1.03895764700015,1.01681223003129,0.892537321553939,1,1,1,1,1,1,0.827144302892828,0.986664693429861,1.2042491057803,1.18574557241425,1.1199554888844,0.892537321553939,1,1,1,1,1,1,1,1,1,1,1,1,1
132,172,127,127,146,139,17,44,32,41,26,32,0.128787878787879,0.255813953488372,0.251968503937008,0.322834645669291,0.178082191780822,0.23021582733813,0.982959488796747,1.20324039450465,0.902750455917728,1.10655855407964,1.03046132881373,1.03875796925156,0.982959488796747,1.20324039450465,0.902750455917728,1.10655855407964,1.03046132881373,1.03875796925156,0.982959488796747,1.20324039450465,0.902750455917728,1.10655855407964,1.03046132881373,1.03875796925156,0.982959488796747,1.20324039450465,0.902750455917728,1.10655855407964,1.03046132881373,1.03875796925156,1,1,1,1,1,1,1.14896072809843,1.31867478723231,0.902750455917728,1.26289739519753,1.03046132881373,1.05187494334929,1,1,1,1,1,1,1,1,1,1,1,1,1
220,328,237,305,270,271,21,81,81,69,52,68,0.0954545454545455,0.246951219512195,0.341772151898734,0.226229508196721,0.192592592592593,0.250922509225092,0.85158265729648,1.16155385090346,1.17177197580541,0.884987594891323,1.01179093506817,1.03100303775005,0.85158265729648,1.16155385090346,1.17177197580541,0.884987594891323,1.01179093506817,1.03100303775005,0.85158265729648,1.16155385090346,1.17177197580541,0.884987594891323,1.01179093506817,1.03100303775005,0.85158265729648,1.16155385090346,1.17177197580541,0.884987594891323,1.01179093506817,1.03100303775005,1,1,1,1,1,1,0.85158265729648,1.27298899222011,1.22449814610043,0.884987594891323,1.11442484449485,1.14648546639039,1,1,1,1,1,1,1,1,1,1,1,1,1
1005,1203,916,966,1052,1039,140,224,264,282,166,217,0.139303482587065,0.186201163757273,0.2882096069869,0.291925465838509,0.157794676806084,0.208854667949952,1.06533876916098,0.960631943020848,1.00347199726593,1.00061324182721,0.913068907762851,0.954274059078579,1.06533876916098,0.960631943020848,1.00347199726593,1.00061324182721,0.913068907762851,0.954274059078579,1.06533876916098,0.960631943020848,1.00347199726593,1.00061324182721,0.913068907762851,0.954274059078579,1.06533876916098,0.960631943020848,1.00347199726593,1.00061324182721,0.913068907762851,0.954274059078579,1,1,1,1,1,1,1.24525214094533,0.960631943020848,1.03259474911332,1.14198372245631,0.913068907762851,0.954274059078579,1,1,1,1,1,1,1,1,1,1,1,1,1
658,719,528,612,639,710,0,0,41,2,0,0,0,0,0.0776515151515152,0.00326797385620915,0,0,0,0,0.278209139675876,0,0,0,0,0,0.278209139675876,0,0,0,0,0,0.278209139675876,0,0,0,0,0,0.278209139675876,0,0,0,1,1,1,1,1,1,0,0,0.278209139675876,0.0127839924430167,0,0,1,1,1,1,1,1,1,1,1,1,1,1,20
73,103,83,76,110,91,7,0,0,23,0,0,0.0958904109589041,0,0,0.302631578947368,0,0,0.80868164617587,0,0,1.03640665097087,0,0,0.80868164617587,0,0,1.03640665097087,0,0,0.80868164617587,0,0,1.03640665097087,0,0,0.80868164617587,0,0,1.03640665097087,0,0,1,1,1,1,1,1,0.80868164617587,0,0,1.17887342924132,0,0,1,1,1,1,1,1,1,1,1,1,1,1,14
291,380,287,305,286,277,27,70,83,66,42,58,0.0927835051546392,0.184210526315789,0.289198606271777,0.216393442622951,0.146853146853147,0.209386281588448,0.782479884444104,0.968976971262132,1.00397679366617,0.842940715762576,0.879495986637681,0.947650381520305,0.782479884444104,0.968976971262132,1.00397679366617,0.842940715762576,0.879495986637681,0.947650381520305,0.782479884444104,0.968976971262132,1.00397679366617,0.842940715762576,0.879495986637681,0.947650381520305,0.782479884444104,0.968976971262132,1.00397679366617,0.842940715762576,0.879495986637681,0.947650381520305,1,1,1,1,1,1,0.782479884444104,0.968976971262132,1.05309509851385,0.842940715762576,0.879495986637681,0.947650381520305,1,1,1,1,1,1,1,1,1,1,1,1,1
153,145,118,112,164,199,20,36,28,22,25,29,0.130718954248366,0.248275862068966,0.23728813559322,0.196428571428571,0.152439024390244,0.14572864321608,0.961898414343544,1.10344482263551,0.879611062492405,0.776116610873094,0.895225170493717,0.667730970789475,0.961898414343544,1.10344482263551,0.879611062492405,0.776116610873094,0.895225170493717,0.667730970789475,0.961898414343544,1.10344482263551,0.879611062492405,0.776116610873094,0.895225170493717,0.667730970789475,0.961898414343544,1.10344482263551,0.879611062492405,0.776116610873094,0.895225170493717,0.667730970789475,1,1,1,1,1,1,1.17340851026482,1.30612132059586,0.879611062492405,0.776116610873094,0.895225170493717,0.667730970789475,1,1,1,1,1,1,1,1,1,1,1,1,1
375,467,414,430,474,452,38,106,121,127,81,106,0.101333333333333,0.226980728051392,0.292270531400966,0.295348837209302,0.170886075949367,0.234513274336283,0.911554321106068,1.02434104204629,0.943593284130084,0.905163154980185,0.995038361539987,1.01795828234239,0.911554321106068,1.02434104204629,0.943593284130084,0.905163154980185,0.995038361539987,1.01795828234239,0.911554321106068,1.02434104204629,0.943593284130084,0.905163154980185,0.995038361539987,1.01795828234239,0.911554321106068,1.02434104204629,0.943593284130084,0.905163154980185,0.995038361539987,1.01795828234239,1,1,1,1,1,1,0.911554321106068,1.16637696366752,1.06367083581007,1.16973739948938,0.995038361539987,1.05866938387162,2,2,2,2,2,2,0,0,0,0,0,0,1
750,979,785,919,946,904,0,0,0,0,0,30,0,0,0,0,0,0.0331858407079646,0,0,0,0,0,0.149811705264851,0,0,0,0,0,0.149811705264851,0,0,0,0,0,0.149811705264851,0,0,0,0,0,0.149811705264851,1,1,1,1,1,1,0,0,0,0,0,0.149811705264851,2,2,2,2,2,2,0,0,0,0,0,0,8
206,196,185,186,224,196,52,85,111,96,65,74,0.252427184466019,0.433673469387755,0.6,0.516129032258065,0.290178571428571,0.377551020408163,1.0379806533718,1.04200763067439,1.02648780105933,1.02207179432143,0.844828370785025,0.852194203690262,1.0379806533718,1.04200763067439,1.02648780105933,1.02207179432143,0.844828370785025,0.852194203690262,1.0379806533718,1.04200763067439,1.02648780105933,1.02207179432143,0.844828370785025,0.852194203690262,1.0379806533718,1.04200763067439,1.02648780105933,1.02207179432143,0.844828370785025,0.852194203690262,1,1,1,1,1,1,2.27073444833525,2.22850084582125,2.18360194723323,2.04414358864285,1.68965674157005,1.70438840738052,2,2,2,2,2,2,0,0,0,0,0,0,1
276,318,295,305,332,326,30,3,5,10,0,0,0.108695652173913,0.00943396226415094,0.0169491525423729,0.0327868852459016,0,0,0.977782810110914,0,0.0616836708257976,0.129853383704771,0,0,0.977782810110914,0,0.0616836708257976,0.129853383704771,0,0,0.977782810110914,0,0.0616836708257976,0.129853383704771,0,0,0.977782810110914,0,0.0616836708257976,0.129853383704771,0,0,1,1,1,1,1,1,0.977782810110914,0.0484779318291859,0.0616836708257976,0.129853383704771,0,0,2,2,2,2,2,2,0,0,0,0,0,0,21
550,718,600,652,593,603,71,125,161,159,92,112,0.129090909090909,0.174094707520891,0.268333333333333,0.243865030674847,0.155143338954469,0.185737976782753,0.977774698946171,0.894613644480103,0.976555315290418,0.965834331712098,0.903371283701533,0.838481787432595,0.977774698946171,0.894613644480103,0.976555315290418,0.965834331712098,0.903371283701533,0.838481787432595,0.977774698946171,0.894613644480103,0.976555315290418,0.965834331712098,0.903371283701533,0.838481787432595,0.977774698946171,0.894613644480103,0.976555315290418,0.965834331712098,0.903371283701533,0.838481787432595,1,1,1,1,1,1,1.16125042102627,0.894613644480103,0.976555315290418,0.965834331712098,0.903371283701533,0.838481787432595,2,2,2,2,2,2,0,0,0,0,0,0,1
108,166,131,132,142,153,29,69,59,71,40,69,0.268518518518519,0.41566265060241,0.450381679389313,0.537878787878788,0.28169014084507,0.450980392156863,1.10414822351196,0.998732189740646,0.819545260093898,1.06514205459349,0.820115081498789,0.997980206432365,1.10414822351196,0.998732189740646,0.819545260093898,1.06514205459349,0.820115081498789,0.997980206432365,1.10414822351196,0.998732189740646,0.819545260093898,1.06514205459349,0.820115081498789,0.997980206432365,1.10414822351196,0.998732189740646,0.819545260093898,1.06514205459349,0.820115081498789,0.997980206432365,1,1,1,1,1,1,2.41548568275548,2.13594935782329,1.6390905201878,2.13028410918699,1.64023016299758,2.03587253324627,2,2,2,2,2,2,0,0,0,0,0,0,1
405,487,375,414,432,408,41,115,119,136,72,94,0.101234567901235,0.236139630390144,0.317333333333333,0.328502415458937,0.166666666666667,0.230392156862745,0.912919990034249,1.06567424088753,1.02450835781714,1.00676977639395,0.970469513106901,1.00006963328161,0.912919990034249,1.06567424088753,1.02450835781714,1.00676977639395,0.970469513106901,1.00006963328161,0.912919990034249,1.06567424088753,1.02450835781714,1.00676977639395,0.970469513106901,1.00006963328161,0.912919990034249,1.06567424088753,1.02450835781714,1.00676977639395,0.970469513106901,1.00006963328161,1,1,1,1,1,1,0.912919990034249,1.21344145584759,1.1548828076478,1.30104308117727,0.970469513106901,1.04006531589755,2,2,2,2,2,2,0,0,0,0,0,0,1
596,538,482,491,580,518,77,112,142,129,92,110,0.129194630872483,0.20817843866171,0.294605809128631,0.262729124236253,0.158620689655172,0.212355212355212,0.983510878093493,0.941237726418422,0.951132711282867,1.04054610628599,0.926815175147075,0.958640667409061,0.983510878093493,0.941237726418422,0.951132711282867,1.04054610628599,0.926815175147075,0.958640667409061,0.983510878093493,0.941237726418422,0.951132711282867,1.04054610628599,0.926815175147075,0.958640667409061,0.983510878093493,0.941237726418422,0.951132711282867,1.04054610628599,0.926815175147075,0.958640667409061,1,1,1,1,1,1,1.16806297248326,1.07175047798156,1.07216969746583,1.04054610628599,0.926815175147075,0.958640667409061,2,2,2,2,2,2,0,0,0,0,0,0,1
918,1099,881,985,1025,1032,0,0,225,0,2,0,0,0,0.25539160045403,0,0.00195121951219512,0,0,0,0.929455993430718,0,0,0,0,0,0.929455993430718,0,0,0,0,0,0.929455993430718,0,0,0,0,0,0.929455993430718,0,0,0,1,1,1,1,1,1,0,0,0.929455993430718,0,0.0113615942997881,0,2,2,2,2,2,2,0,0,0,0,0,0,6
887,1106,864,1011,1046,999,216,425,491,549,384,435,0.243517474633596,0.384267631103074,0.568287037037037,0.543026706231454,0.367112810707457,0.435435435435435,1.00247410905608,0.987310501313213,0.972232851697781,0.938218257344001,1.03626795577169,0.982848765070906,1.00247410905608,0.987310501313213,0.972232851697781,0.938218257344001,1.03626795577169,0.982848765070906,1.00247410905608,0.987310501313213,0.972232851697781,0.938218257344001,1.03626795577169,0.982848765070906,1.00247410905608,0.987310501313213,0.972232851697781,0.938218257344001,1.03626795577169,0.982848765070906,1,1,1,1,1,1,2.19305869102981,1.97462100262643,2.06818780110246,2.15067258500944,2.13763074397543,1.96569753014181,2,2,2,2,2,2,0,0,0,0,0,0,1
842,926,767,840,999,921,94,200,218,218,171,225,0.111638954869359,0.215982721382289,0.284224250325945,0.25952380952381,0.171171171171171,0.244299674267101,1.00425958929206,0.974708151586494,1.03438771077107,1.02785136696789,0.996698418866547,1.0627461896054,1.00425958929206,0.974708151586494,1.03438771077107,1.02785136696789,0.996698418866547,1.0627461896054,1.00425958929206,0.974708151586494,1.03438771077107,1.02785136696789,0.996698418866547,1.0627461896054,1.00425958929206,0.974708151586494,1.03438771077107,1.02785136696789,0.996698418866547,1.0627461896054,1,1,1,1,1,1,1.00425958929206,1.10986193820598,1.03438771077107,1.02785136696789,0.996698418866547,1.10524848933155,2,2,2,2,2,2,0,0,0,0,0,0,1
98,121,78,115,99,112,33,51,50,57,29,50,0.336734693877551,0.421487603305785,0.641025641025641,0.495652173913044,0.292929292929293,0.446428571428571,1.38465315573421,1.01272807741577,1.09667500113176,0.981522206829325,0.852836844851519,1.0076620651743,1.38465315573421,1.01272807741577,1.09667500113176,0.981522206829325,0.852836844851519,1.0076620651743,1.38465315573421,1.01272807741577,1.09667500113176,0.981522206829325,0.852836844851519,1.0076620651743,1.38465315573421,1.01272807741577,1.09667500113176,0.981522206829325,0.852836844851519,1.0076620651743,1,1,1,1,1,1,3.02913123622116,2.16588181378991,2.33290806328337,1.96304441365865,1.70567368970304,2.01532413034859,2,2,2,2,2,2,0,0,0,0,0,0,1
871,955,731,901,982,899,205,405,422,496,346,385,0.235361653272101,0.424083769633508,0.577291381668947,0.550499445061043,0.35234215885947,0.42825361512792,0.968919606363645,1.01896600828991,0.987637601566429,0.951129335053125,0.994574087430694,0.966638225813474,0.968919606363645,1.01896600828991,0.987637601566429,0.951129335053125,0.994574087430694,0.966638225813474,0.968919606363645,1.01896600828991,0.987637601566429,0.951129335053125,0.994574087430694,0.966638225813474,0.968919606363645,1.01896600828991,0.987637601566429,0.951129335053125,0.994574087430694,0.966638225813474,1,1,1,1,1,1,2.11965331019446,2.17922263186068,2.10095764188879,2.18026857789765,2.05162394013231,1.93327645162695,2,2,2,2,2,2,0,0,0,0,0,0,1
650,652,561,578,561,621,0,0,0,0,0,22,0,0,0,0,0,0.035426731078905,0,0,0,0,0,0.160185763134804,0,0,0,0,0,0.160185763134804,0,0,0,0,0,0.160185763134804,0,0,0,0,0,0.160185763134804,1,1,1,1,1,1,0,0,0,0,0,0.160185763134804,2,2,2,2,2,2,0,0,0,0,0,0,8
229,171,182,203,229,211,18,26,45,36,24,42,0.0786026200873362,0.152046783625731,0.247252747252747,0.177339901477833,0.104803493449782,0.199052132701422,0.802397630784728,0.919918630102071,0.95488822928444,0.842806063890115,0.726828238297363,1.06071676332804,0.802397630784728,0.919918630102071,0.95488822928444,0.842806063890115,0.726828238297363,1.06071676332804,0.802397630784728,0.919918630102071,0.95488822928444,0.842806063890115,0.726828238297363,1.06071676332804,0.802397630784728,0.919918630102071,0.95488822928444,0.842806063890115,0.726828238297363,1.06071676332804,1,1,1,1,1,1,0.802397630784728,0.919918630102071,1.20423914084241,0.842806063890115,0.726828238297363,1.06071676332804,2,2,2,2,2,2,1,1,1,1,1,1,1
138,167,134,175,150,140,23,46,59,85,43,49,0.166666666666667,0.275449101796407,0.440298507462687,0.485714285714286,0.286666666666667,0.35,0.913746128344539,0.818961586602907,0.980455292245881,1.08294379809174,0.968301451198285,0.951037515692404,0.913746128344539,0.818961586602907,0.980455292245881,1.08294379809174,0.968301451198285,0.951037515692404,0.913746128344539,0.818961586602907,0.980455292245881,1.08294379809174,0.968301451198285,0.951037515692404,0.913746128344539,0.818961586602907,0.980455292245881,1.08294379809174,0.968301451198285,0.951037515692404,1,1,1,1,1,1,1.60059029358231,1.58577505734704,1.96091058449176,2.48550346843033,1.93660290239657,1.90207503138481,2,2,2,2,2,2,1,1,1,1,1,1,1
151,190,139,185,174,175,28,61,64,97,53,68,0.185430463576159,0.321052631578947,0.460431654676259,0.524324324324324,0.304597701149425,0.388571428571429,0.938707164953005,0.959979985969493,1.013188641973,1.17163359671185,0.977598060737099,1.04013061600537,0.938707164953005,0.959979985969493,1.013188641973,1.17163359671185,0.977598060737099,1.04013061600537,0.938707164953005,0.959979985969493,1.013188641973,1.17163359671185,0.977598060737099,1.04013061600537,0.938707164953005,0.959979985969493,1.013188641973,1.17163359671185,0.977598060737099,1.04013061600537,1,1,1,1,1,1,1.87741432990601,1.91995997193899,2.15256191902105,2.63918723290588,2.09644470359518,2.17413269570569,2,2,2,2,2,2,1,1,1,1,1,1,1
723,866,791,822,848,854,0,77,0,0,0,0,0,0.0889145496535797,0,0,0,0,0,0.531727073590038,0,0,0,0,0,0.531727073590038,0,0,0,0,0,0.531727073590038,0,0,0,0,0,0.531727073590038,0,0,0,0,1,1,1,1,1,1,0,0.531727073590038,0,0,0,0,2,2,2,2,2,2,1,1,1,1,1,1,15
170,195,171,166,208,229,24,28,26,28,27,40,0.141176470588235,0.143589743589744,0.152046783625731,0.168674698795181,0.129807692307692,0.174672489082969,1.15255901927447,0.858695842851232,0.71083322143111,0.849024336508039,0.896912732230544,0.977326539297447,1.15255901927447,0.858695842851232,0.71083322143111,0.849024336508039,0.896912732230544,0.977326539297447,1.15255901927447,0.858695842851232,0.71083322143111,0.849024336508039,0.896912732230544,0.977326539297447,1.15255901927447,0.858695842851232,0.71083322143111,0.849024336508039,0.896912732230544,0.977326539297447,1,1,1,1,1,1,1.42935914528979,0.858695842851232,0.71083322143111,0.849024336508039,0.896912732230544,0.977326539297447,2,2,2,2,2,2,1,1,1,1,1,1,1
1054,1291,1224,1249,1265,1277,0,43,0,0,0,0,0,0.0333075135553834,0,0,0,0,0,0.199185698857685,0,0,0,0,0,0.199185698857685,0,0,0,0,0,0.199185698857685,0,0,0,0,0,0.199185698857685,0,0,0,0,1,1,1,1,1,1,0,0.199185698857685,0,0,0,0,2,2,2,2,2,2,1,1,1,1,1,1,10
357,430,351,453,400,424,34,54,71,86,42,69,0.0952380952380952,0.125581395348837,0.202279202279202,0.189845474613687,0.105,0.162735849056604,0.96425021706057,0.751002261231186,0.945674571706675,0.955587466728853,0.718526755486913,0.91053871741975,0.96425021706057,0.751002261231186,0.945674571706675,0.955587466728853,0.718526755486913,0.91053871741975,0.96425021706057,0.751002261231186,0.945674571706675,0.955587466728853,0.718526755486913,0.91053871741975,0.96425021706057,0.751002261231186,0.945674571706675,0.955587466728853,0.718526755486913,0.91053871741975,1,1,1,1,1,1,0.96425021706057,0.751002261231186,0.945674571706675,0.955587466728853,0.718526755486913,0.91053871741975,2,2,2,2,2,2,1,1,1,1,1,1,12
1298,1397,1156,1355,1407,1462,107,209,209,237,178,266,0.0824345146379045,0.149606299212598,0.180795847750865,0.174907749077491,0.126510305614783,0.181942544459644,0.817503109329697,0.894832139878225,0.83973732420344,0.873604540407875,0.842774959281395,1.0150434784972,0.817503109329697,0.894832139878225,0.83973732420344,0.873604540407875,0.842774959281395,1.0150434784972,0.817503109329697,0.894832139878225,0.83973732420344,0.873604540407875,0.842774959281395,1.0150434784972,0.817503109329697,0.894832139878225,0.83973732420344,0.873604540407875,0.842774959281395,1.0150434784972,1,1,1,1,1,1,0.817503109329697,0.894832139878225,0.83973732420344,0.873604540407875,0.842774959281395,1.0150434784972,2,2,2,2,2,2,1,1,1,1,1,1,1
892,1157,963,1073,1063,1188,158,388,399,476,274,423,0.177130044843049,0.335350043215212,0.414330218068536,0.443616029822926,0.257761053621825,0.356060606060606,0.8782993570773,1.00290562081243,0.962213880976244,1.00030572915035,1.71712937072439,0.993217384105953,0.8782993570773,1.00290562081243,0.962213880976244,1.00030572915035,1.71712937072439,0.993217384105953,0.8782993570773,1.00290562081243,0.962213880976244,1.00030572915035,1.71712937072439,0.993217384105953,0.8782993570773,1.00290562081243,0.962213880976244,1.00030572915035,1.71712937072439,0.993217384105953,1,1,1,1,1,1,1.7565987141546,2.00581124162487,1.92442776195249,2.21777763269204,1.71712937072439,1.98643476821191,2,2,2,2,2,2,1,1,1,1,1,1,1
826,969,815,907,906,963,73,145,146,202,95,178,0.0883777239709443,0.149638802889577,0.179141104294479,0.22271223814774,0.10485651214128,0.184839044652129,0.876441918280036,0.895026552379421,0.832051584405788,0.974742470372508,0.698523668256243,1.03120283055847,0.876441918280036,0.895026552379421,0.832051584405788,0.974742470372508,0.698523668256243,1.03120283055847,0.876441918280036,0.895026552379421,0.832051584405788,0.974742470372508,0.698523668256243,1.03120283055847,0.876441918280036,0.895026552379421,0.832051584405788,0.974742470372508,0.698523668256243,1.03120283055847,1,1,1,1,1,1,0.876441918280036,0.895026552379421,0.832051584405788,1.11237165578105,0.698523668256243,1.03120283055847,2,2,2,2,2,2,1,1,1,1,1,1,12
299,431,332,420,350,402,0,14,0,0,0,0,0,0.0324825986078886,0,0,0,0,0,0.194286426267369,0,0,0,0,0,0.194286426267369,0,0,0,0,0,0.194286426267369,0,0,0,0,0,0.194286426267369,0,0,0,0,1,1,1,1,1,1,0,0.194286426267369,0,0,0,0,2,2,2,2,2,2,1,1,1,1,1,1,10
756,882,788,854,834,913,0,0,0,34,0,1,0,0,0,0.0398126463700234,0,0.00109529025191676,0,0,0,0.198850587340739,0,0,0,0,0,0.198850587340739,0,0,0,0,0,0.198850587340739,0,0,0,0,0,0.198850587340739,0,0,1,1,1,1,1,1,0,0,0,0.198850587340739,0,0.00611054017394075,2,2,2,2,2,2,1,1,1,1,1,1,2
816,919,805,871,904,954,77,135,171,152,112,144,0.0943627450980392,0.14689880304679,0.212422360248447,0.17451205510907,0.123893805309735,0.150943396226415,0.935795374806051,0.879595060097017,0.986632085941569,0.872630055494476,0.825344593214921,0.842101611895533,0.935795374806051,0.879595060097017,0.986632085941569,0.872630055494476,0.825344593214921,0.842101611895533,0.935795374806051,0.879595060097017,0.986632085941569,0.872630055494476,0.825344593214921,0.842101611895533,0.935795374806051,0.879595060097017,0.986632085941569,0.872630055494476,0.825344593214921,0.842101611895533,1,1,1,1,1,1,0.935795374806051,0.879595060097017,0.986632085941569,0.872630055494476,0.825344593214921,0.842101611895533,2,2,2,2,2,2,1,1,1,1,1,1,1
365,439,388,351,406,435,34,51,75,65,36,83,0.0931506849315069,0.116173120728929,0.193298969072165,0.185185185185185,0.0886699507389163,0.190804597701149,0.923775373727774,0.6948600611427,0.897810215661696,0.924936827826747,0.593617716619219,1.06448419273806,0.923775373727774,0.6948600611427,0.897810215661696,0.924936827826747,0.593617716619219,1.06448419273806,0.923775373727774,0.6948600611427,0.897810215661696,0.924936827826747,0.593617716619219,1.06448419273806,0.923775373727774,0.6948600611427,0.897810215661696,0.924936827826747,0.593617716619219,1.06448419273806,1,1,1,1,1,1,0.923775373727774,0.6948600611427,0.897810215661696,0.924936827826747,0.593617716619219,1.06448419273806,2,2,2,2,2,2,1,1,1,1,1,1,12
892,939,841,952,951,971,111,132,198,195,103,173,0.124439461883408,0.140575079872204,0.235434007134364,0.204831932773109,0.108307045215563,0.17816683831102,1.08758784937453,0.840814191632676,0.994228440315601,1.02306562993862,0.721510118704257,0.993979103948267,1.08758784937453,0.840814191632676,0.994228440315601,1.02306562993862,0.721510118704257,0.993979103948267,1.08758784937453,0.840814191632676,0.994228440315601,1.02306562993862,0.721510118704257,0.993979103948267,1.08758784937453,0.840814191632676,0.994228440315601,1.02306562993862,0.721510118704257,0.993979103948267,1,1,1,1,1,1,1.23406618526051,0.840814191632676,1.0935136267617,1.02306562993862,0.721510118704257,0.993979103948267,2,2,2,2,2,2,1,1,1,1,1,1,1
559,743,644,664,717,712,74,128,146,151,95,127,0.132379248658318,0.172274562584118,0.226708074534162,0.227409638554217,0.132496513249651,0.178370786516854,1.15905419551025,0.985111359514628,1.0163570186689,0.995301536702311,0.882653338131319,0.995116915321073,1.15905419551025,0.985111359514628,1.0163570186689,0.995301536702311,0.882653338131319,0.995116915321073,1.15905419551025,0.985111359514628,1.0163570186689,0.995301536702311,0.882653338131319,0.995116915321073,1.15905419551025,0.985111359514628,1.0163570186689,0.995301536702311,0.882653338131319,0.995116915321073,1,1,1,1,1,1,1.31515775060021,1.03041660875968,1.05298453616571,1.13583356838845,0.882653338131319,0.995116915321073,2,2,2,2,2,2,1,1,1,1,1,1,1
940,914,897,936,988,963,94,187,265,247,133,193,0.1,0.204595185995624,0.295429208472687,0.263888888888889,0.134615384615385,0.200415368639668,0.889565948846814,0.95742428874192,0.978586319722346,1.04758397499125,0.787905819908746,0.88797905418533,0.889565948846814,0.95742428874192,0.978586319722346,1.04758397499125,0.787905819908746,0.88797905418533,0.889565948846814,0.95742428874192,0.978586319722346,1.04758397499125,0.787905819908746,0.88797905418533,0.889565948846814,0.95742428874192,0.978586319722346,1.04758397499125,0.787905819908746,0.88797905418533,1,1,1,1,1,1,0.889565948846814,0.95742428874192,1.13163697276014,1.04758397499125,0.787905819908746,0.88797905418533,1,1,1,1,1,1,1,1,1,1,1,1,1
298,266,235,257,269,318,53,42,53,74,35,54,0.177852348993289,0.157894736842105,0.225531914893617,0.287937743190661,0.130111524163569,0.169811320754717,1.30041353750435,0.728072532529793,0.842673062823873,0.997542156509366,0.744846377566398,0.753346555612966,1.30041353750435,0.728072532529793,0.842673062823873,0.997542156509366,0.744846377566398,0.753346555612966,1.30041353750435,0.728072532529793,0.842673062823873,0.997542156509366,0.744846377566398,0.753346555612966,1.30041353750435,0.728072532529793,0.842673062823873,0.997542156509366,0.744846377566398,0.753346555612966,1,1,1,1,1,1,1.6282883304915,0.728072532529793,0.842673062823873,1.12434953005294,0.744846377566398,0.753346555612966,1,1,1,1,1,1,1,1,1,1,1,1,1
154,179,158,158,181,183,10,22,42,30,22,19,0.0649350649350649,0.122905027932961,0.265822784810127,0.189873417721519,0.121546961325967,0.103825136612022,0.594498802360288,0.566730574669373,0.993215085988969,0.741424467730773,0.695817026430615,0.460607153310417,0.594498802360288,0.566730574669373,0.993215085988969,0.741424467730773,0.695817026430615,0.460607153310417,0.594498802360288,0.566730574669373,0.993215085988969,0.741424467730773,0.695817026430615,0.460607153310417,0.594498802360288,0.566730574669373,0.993215085988969,0.741424467730773,0.695817026430615,0.460607153310417,1,1,1,1,1,1,0.594498802360288,0.566730574669373,0.993215085988969,0.741424467730773,0.695817026430615,0.460607153310417,1,1,1,1,1,1,1,1,1,1,1,1,18
583,558,486,471,512,496,65,119,134,128,76,102,0.111492281303602,0.21326164874552,0.275720164609054,0.271762208067941,0.1484375,0.205645161290323,1.02074322669408,0.983376341726321,1.03019546348023,0.94150303496104,0.851419588647886,0.912318879848498,1.02074322669408,0.983376341726321,1.03019546348023,0.94150303496104,0.851419588647886,0.912318879848498,1.02074322669408,0.983376341726321,1.03019546348023,0.94150303496104,0.851419588647886,0.912318879848498,1.02074322669408,0.983376341726321,1.03019546348023,0.94150303496104,0.851419588647886,0.912318879848498,1,1,1,1,1,1,1.02074322669408,0.983376341726321,1.03019546348023,1.06118672578819,0.851419588647886,0.912318879848498,1,1,1,1,1,1,1,1,1,1,1,1,1
338,198,174,178,191,202,18,25,44,35,21,36,0.0532544378698225,0.126262626262626,0.252873563218391,0.196629213483146,0.109947643979058,0.178217821782178,0.487559372823289,0.582212883756989,0.944831866146048,0.767804739054527,0.629414687639878,0.790640939554202,0.487559372823289,0.582212883756989,0.944831866146048,0.767804739054527,0.629414687639878,0.790640939554202,0.487559372823289,0.582212883756989,0.944831866146048,0.767804739054527,0.629414687639878,0.790640939554202,0.487559372823289,0.582212883756989,0.944831866146048,0.767804739054527,0.629414687639878,0.790640939554202,1,1,1,1,1,1,0.487559372823289,0.582212883756989,0.944831866146048,0.767804739054527,0.629414687639878,0.790640939554202,1,1,1,1,1,1,1,1,1,1,1,1,1
684,765,654,777,820,733,85,94,182,236,128,155,0.124269005847953,0.122875816993464,0.2782874617737,0.303732303732304,0.15609756097561,0.211459754433834,0.942210704834059,0.566595879345625,1.03978786270201,1.03914008000224,0.893608030396036,0.938114590626121,0.942210704834059,0.566595879345625,1.03978786270201,1.03914008000224,0.893608030396036,0.938114590626121,0.942210704834059,0.566595879345625,1.03978786270201,1.03914008000224,0.893608030396036,0.938114590626121,0.942210704834059,0.566595879345625,1.03978786270201,1.03914008000224,0.893608030396036,0.938114590626121,1,1,1,1,1,1,1.13771773726552,0.566595879345625,1.03978786270201,1.18602469123745,0.893608030396036,0.938114590626121,1,1,1,1,1,1,1,1,1,1,1,1,17
1213,1216,1057,1165,1240,1215,133,263,321,332,217,232,0.10964550700742,0.216282894736842,0.303689687795648,0.284978540772532,0.175,0.190946502057613,0.977826617219805,0.992726453782179,1.02450705482852,0.989500204668359,0.957591211984145,0.833959225769919,0.977826617219805,0.992726453782179,1.02450705482852,0.989500204668359,0.957591211984145,0.833959225769919,0.977826617219805,0.992726453782179,1.02450705482852,0.989500204668359,0.957591211984145,0.833959225769919,0.977826617219805,0.992726453782179,1.02450705482852,0.989500204668359,0.957591211984145,0.833959225769919,1,1,1,1,1,1,0.977826617219805,0.992726453782179,1.10730956300565,1.11133195030446,0.957591211984145,0.833959225769919,1,1,1,1,1,1,1,1,1,1,1,1,1
430,447,452,450,499,464,52,89,141,128,80,93,0.12093023255814,0.19910514541387,0.311946902654867,0.284444444444444,0.160320641282565,0.200431034482759,0.994664271462473,0.913881540086615,1.05469643734228,0.98764571967969,0.877266498239126,0.87538293991409,0.994664271462473,0.913881540086615,1.05469643734228,0.98764571967969,0.877266498239126,0.87538293991409,0.994664271462473,0.913881540086615,1.05469643734228,0.98764571967969,0.877266498239126,0.87538293991409,0.994664271462473,0.913881540086615,1.05469643734228,0.98764571967969,0.877266498239126,0.87538293991409,1,1,1,1,1,1,1.07846462157294,0.913881540086615,1.13993890586978,1.10924913272692,0.877266498239126,0.87538293991409,1,1,1,1,1,1,1,1,1,1,1,1,1
247,293,271,312,255,274,26,63,71,82,40,51,0.105263157894737,0.215017064846416,0.261992619926199,0.262820512820513,0.156862745098039,0.186131386861314,0.938744508656608,0.986916365010513,0.955274232677923,1.02492220046132,0.85834506396338,0.812929200617182,0.938744508656608,0.986916365010513,0.955274232677923,1.02492220046132,0.85834506396338,0.812929200617182,0.938744508656608,0.986916365010513,0.955274232677923,1.02492220046132,0.85834506396338,0.812929200617182,0.938744508656608,0.986916365010513,0.955274232677923,1.02492220046132,0.85834506396338,0.812929200617182,1,1,1,1,1,1,0.938744508656608,0.986916365010513,0.955274232677923,1.02492220046132,0.85834506396338,0.812929200617182,1,1,1,1,1,1,1,1,1,1,1,1,1
429,451,435,417,471,411,43,72,81,123,65,92,0.1002331002331,0.159645232815965,0.186206896551724,0.294964028776978,0.138004246284501,0.223844282238443,0.901668799167118,0.885774926508518,0.845098753254942,1.01489992976071,0.865625199972209,1.00337257276295,0.901668799167118,0.885774926508518,0.845098753254942,1.01489992976071,0.865625199972209,1.00337257276295,0.901668799167118,0.885774926508518,0.845098753254942,1.01489992976071,0.865625199972209,1.00337257276295,0.901668799167118,0.885774926508518,0.845098753254942,1.01489992976071,0.865625199972209,1.00337257276295,1,1,1,1,1,1,0.901668799167118,0.885774926508518,0.845098753254942,1.13916720211186,0.865625199972209,1.00337257276295,1,2,2,1,1,1,1,1,1,1,1,1,1
560,688,650,593,724,589,0,0,0,0,0,28,0,0,0,0,0,0.0475382003395586,0,0,0,0,0,0.213087981976748,0,0,0,0,0,0.213087981976748,0,0,0,0,0,0.213087981976748,0,0,0,0,0,0.213087981976748,1,1,1,1,1,1,0,0,0,0,0,0.213087981976748,1,2,2,1,1,1,1,1,1,1,1,1,4
233,245,302,204,266,233,14,59,134,61,59,38,0.0600858369098712,0.240816326530612,0.443708609271523,0.299019607843137,0.221804511278195,0.163090128755365,0.540515301706529,0.841532205831795,1.032534574419,1.02885419708764,0.928531800424718,0.731044637125013,0.540515301706529,0.841532205831795,1.032534574419,1.02885419708764,0.928531800424718,0.731044637125013,0.540515301706529,0.841532205831795,1.032534574419,1.02885419708764,0.928531800424718,0.731044637125013,0.540515301706529,0.841532205831795,1.032534574419,1.02885419708764,0.928531800424718,0.731044637125013,1,1,1,1,1,1,0.540515301706529,1.33614427547988,2.01376855233548,1.15483007014663,1.39125845471531,0.731044637125013,1,2,2,1,1,1,1,1,1,1,1,1,1
859,1039,1019,866,1114,968,93,210,241,231,173,187,0.108265424912689,0.202117420596728,0.236506378802748,0.266743648960739,0.155296229802513,0.193181818181818,0.973925334498484,1.12142743141939,0.994420167455317,1.03017855271249,0.974088360300173,0.865929368317038,0.973925334498484,1.12142743141939,0.994420167455317,1.03017855271249,0.974088360300173,0.865929368317038,0.973925334498484,1.12142743141939,0.994420167455317,1.03017855271249,0.974088360300173,0.865929368317038,0.973925334498484,1.12142743141939,0.994420167455317,1.03017855271249,0.974088360300173,0.865929368317038,1,1,1,1,1,1,0.973925334498484,1.12142743141939,1.0733826166719,1.03017855271249,0.974088360300173,0.865929368317038,1,2,2,1,1,1,1,1,1,1,1,1,1
573,784,715,617,760,641,67,148,184,177,130,144,0.116928446771379,0.188775510204082,0.257342657342657,0.286871961102107,0.171052631578947,0.224648985959438,0.985869834605225,0.93250767667907,0.901732716001914,0.977730774280074,1.06515383557252,0.984949245252875,0.985869834605225,0.93250767667907,0.901732716001914,0.977730774280074,1.06515383557252,0.984949245252875,0.985869834605225,0.93250767667907,0.901732716001914,0.977730774280074,1.06515383557252,0.984949245252875,0.985869834605225,0.93250767667907,0.901732716001914,0.977730774280074,1.06515383557252,0.984949245252875,1,1,1,1,1,1,0.985869834605225,1.11882468271984,1.25852826856448,1.14624567697284,1.06515383557252,0.984949245252875,1,2,2,1,1,1,1,1,1,1,1,1,1
572,664,655,532,618,619,62,133,271,162,121,128,0.108391608391608,0.200301204819277,0.413740458015267,0.304511278195489,0.1957928802589,0.206785137318255,1.04583776341433,1.07532486370499,0.972280306886615,0.993839638406149,1.12036476560177,0.969109437490155,1.04583776341433,1.07532486370499,0.972280306886615,0.993839638406149,1.12036476560177,0.969109437490155,1.04583776341433,1.07532486370499,0.972280306886615,0.993839638406149,1.12036476560177,0.969109437490155,1.04583776341433,1.07532486370499,0.972280306886615,0.993839638406149,1.12036476560177,0.969109437490155,1,1,1,1,1,1,1.04583776341433,1.12593053032387,1.91794624711524,1.23572829719333,1.23707115022401,0.969109437490155,2,2,2,1,1,1,1,1,1,1,1,1,1
565,583,656,565,590,530,74,105,157,173,119,112,0.130973451327434,0.180102915951973,0.239329268292683,0.306194690265487,0.201694915254237,0.211320754716981,0.968302394918282,1.0288562747004,0.978360956117629,1.00227132211347,0.985964507463433,1.00215087711725,0.968302394918282,1.0288562747004,0.978360956117629,1.00227132211347,0.985964507463433,1.00215087711725,0.968302394918282,1.0288562747004,0.978360956117629,1.00227132211347,0.985964507463433,1.00215087711725,0.968302394918282,1.0288562747004,0.978360956117629,1.00227132211347,0.985964507463433,1.00215087711725,1,1,1,1,1,1,1.20698304494625,1.0288562747004,1.10143073692335,1.24661744676784,1.25307921975712,1.00215087711725,1,2,2,1,1,1,1,1,1,1,1,1,1
259,229,227,244,280,230,34,32,57,78,45,39,0.131274131274131,0.139737991266376,0.251101321585903,0.319672131147541,0.160714285714286,0.169565217391304,1.13872938824027,0.760886217923548,1.03820194436392,1.10570691449171,0.985833533399464,0.740128027741893,1.13872938824027,0.760886217923548,1.03820194436392,1.10570691449171,0.985833533399464,0.740128027741893,1.13872938824027,0.760886217923548,1.03820194436392,1.10570691449171,0.985833533399464,0.740128027741893,1.13872938824027,0.760886217923548,1.03820194436392,1.10570691449171,0.985833533399464,0.740128027741893,1,1,1,1,1,1,1.13872938824027,0.760886217923548,1.13116260840355,1.22577806444917,0.985833533399464,0.740128027741893,1,2,2,1,1,1,1,1,1,1,1,1,1
1433,2027,1895,1654,1948,1693,2,0,0,0,0,51,0.00139567341242149,0,0,0,0,0.0301240401653869,0,0,0,0,0,0.131487145643637,0,0,0,0,0,0.131487145643637,0,0,0,0,0,0.131487145643637,0,0,0,0,0,0.131487145643637,1,1,1,1,1,1,0.0121066832869845,0,0,0,0,0.131487145643637,1,2,2,1,1,1,1,1,1,1,1,1,8
615,796,776,630,811,681,79,0,0,0,0,0,0.128455284552846,0,0,0,0,0,1.09196672959953,0,0,0,0,0,1.09196672959953,0,0,0,0,0,1.09196672959953,0,0,0,0,0,1.09196672959953,0,0,0,0,0,1,1,1,1,1,1,1.1237465741381,0,0,0,0,0,1,1,2,1,1,1,1,1,1,1,1,1,5
852,1101,899,836,1084,920,105,288,334,216,243,208,0.123239436619718,0.26158038147139,0.371523915461624,0.258373205741627,0.224169741697417,0.226086956521739,1.0476280912208,1.00651788832256,1.66872447987561,0.992544394666957,0.985798912139981,0.974042581950523,1.0476280912208,1.00651788832256,1.66872447987561,0.992544394666957,0.985798912139981,0.974042581950523,1.0476280912208,1.00651788832256,1.66872447987561,0.992544394666957,0.985798912139981,0.974042581950523,1.0476280912208,1.00651788832256,1.66872447987561,0.992544394666957,0.985798912139981,0.974042581950523,1,1,1,1,1,1,1.07811753469079,1.40458870261251,1.66872447987561,0.992544394666957,1.3869224459378,0.974042581950523,1,1,2,1,1,1,1,1,1,1,1,1,1
1042,1387,1233,1106,1376,1148,92,316,481,274,264,221,0.0882917466410749,0.227829848594088,0.390105433901054,0.247739602169982,0.191860465116279,0.192508710801394,0.772389770946009,1.2233609785762,0.935693103723731,0.951695253248242,1.11461352458002,0.829378592209613,0.772389770946009,1.2233609785762,0.935693103723731,0.951695253248242,1.11461352458002,0.829378592209613,0.772389770946009,1.2233609785762,0.935693103723731,0.951695253248242,1.11461352458002,0.829378592209613,0.772389770946009,1.2233609785762,0.935693103723731,0.951695253248242,1.11461352458002,0.829378592209613,1,1,1,1,1,1,0.772389770946009,1.2233609785762,1.75218461098079,0.951695253248242,1.18789051369606,0.829378592209613,1,1,2,1,1,1,1,1,1,1,1,1,1
855,960,958,829,998,889,97,255,345,187,187,157,0.113450292397661,0.265625,0.360125260960334,0.225572979493365,0.187374749498998,0.176602924634421,0.993642751611304,1.02208090905672,0.863783720692189,0.866541852673205,1.0877626560228,0.760852246132936,0.993642751611304,1.02208090905672,0.863783720692189,0.866541852673205,1.0877626560228,0.760852246132936,0.993642751611304,1.02208090905672,0.863783720692189,0.866541852673205,1.0877626560228,0.760852246132936,0.993642751611304,1.02208090905672,0.863783720692189,0.866541852673205,1.0877626560228,0.760852246132936,1,1,1,1,1,1,0.993642751611304,1.42630678964835,1.61752666188235,0.866541852673205,1.15927441372935,0.760852246132936,1,1,2,1,1,1,1,1,1,1,1,1,1
489,628,596,539,595,512,0,0,163,0,1,0,0,0,0.273489932885906,0,0.00168067226890756,0,0,0,1.10647697207342,0,0,0,0,0,1.10647697207342,0,0,0,0,0,1.10647697207342,0,0,0,0,0,1.10647697207342,0,0,0,1,1,1,1,1,1,0,0,1.2283982995797,0,0.0103982012753506,0,1,1,2,1,1,1,1,1,1,1,1,1,6
981,1337,1291,1090,1331,1219,115,260,318,296,182,293,0.117227319062181,0.194465220643231,0.246320681642138,0.271559633027523,0.136739293764087,0.240360951599672,1.00207580823218,1.04420541949705,0.996556469580013,1.04320024518649,0.845996405790924,1.0355387391564,1.00207580823218,1.04420541949705,0.996556469580013,1.04320024518649,0.845996405790924,1.0355387391564,1.00207580823218,1.04420541949705,0.996556469580013,1.04320024518649,0.845996405790924,1.0355387391564,1.00207580823218,1.04420541949705,0.996556469580013,1.04320024518649,0.845996405790924,1.0355387391564,1,1,1,1,1,1,1.02552260617449,1.04420541949705,1.10636579302077,1.04320024518649,0.845996405790924,1.0355387391564,1,1,2,1,1,1,1,1,1,1,1,1,1
382,408,393,354,407,358,43,76,74,111,81,88,0.112565445026178,0.186274509803922,0.188295165394402,0.313559322033898,0.199017199017199,0.245810055865922,0.984739815530586,1.0002243692113,0.845740311348334,1.08645447401819,0.875189206191433,1.05901492579924,0.984739815530586,1.0002243692113,0.845740311348334,1.08645447401819,0.875189206191433,1.05901492579924,0.984739815530586,1.0002243692113,0.845740311348334,1.08645447401819,0.875189206191433,1.05901492579924,0.984739815530586,1.0002243692113,0.845740311348334,1.08645447401819,0.875189206191433,1.05901492579924,1,1,1,1,1,1,0.984739815530586,1.0002243692113,0.845740311348334,1.20454265598863,1.23130543111922,1.05901492579924,1,1,2,1,1,1,1,1,1,1,1,1,1
677,765,662,762,732,678,57,92,67,181,71,68,0.0841949778434269,0.120261437908497,0.101208459214502,0.23753280839895,0.0969945355191257,0.100294985250737,0.839108368533388,0.731574983884756,0.558966831236722,0.864639183711479,0.659128758685466,0.563696292693586,0.839108368533388,0.731574983884756,0.558966831236722,0.864639183711479,0.659128758685466,0.563696292693586,0.839108368533388,0.731574983884756,0.558966831236722,0.864639183711479,0.659128758685466,0.563696292693586,0.839108368533388,0.731574983884756,0.558966831236722,0.864639183711479,0.659128758685466,0.563696292693586,1,1,1,1,1,1,0.839108368533388,0.731574983884756,0.558966831236722,1.20028068714518,0.659128758685466,0.563696292693586,3,3,4,3,3,3,0,0,0,0,0,0,18
118,175,172,184,165,142,14,26,56,40,25,24,0.11864406779661,0.148571428571429,0.325581395348837,0.217391304347826,0.151515151515152,0.169014084507042,0.953298477728776,0.903790461457627,0.897722849056687,1.09706173783027,1.02962494954708,0.949923992824153,0.953298477728776,0.903790461457627,0.897722849056687,1.09706173783027,1.02962494954708,0.949923992824153,0.953298477728776,0.903790461457627,0.897722849056687,1.09706173783027,1.02962494954708,0.949923992824153,0.953298477728776,0.903790461457627,0.897722849056687,1.09706173783027,1.02962494954708,0.949923992824153,1,1,1,1,1,1,1.18243668108229,0.903790461457627,1.79544569811337,1.09706173783027,1.02962494954708,0.949923992824153,3,3,4,3,3,3,0,0,0,0,0,0,1
399,404,482,492,442,452,0,59,139,1,46,64,0,0.146039603960396,0.288381742738589,0.00203252032520325,0.104072398190045,0.141592920353982,0,0.888388853251142,0.795152559100743,0,0.707226549055415,0.795806530861533,0,0.888388853251142,0.795152559100743,0,0.707226549055415,0.795806530861533,0,0.888388853251142,0.795152559100743,0,0.707226549055415,0.795806530861533,0,0.888388853251142,0.795152559100743,0,0.707226549055415,0.795806530861533,1,1,1,1,1,1,0,0.888388853251142,1.59030511820149,0.010257081288657,0.707226549055415,0.795806530861533,3,3,4,3,3,3,0,0,0,0,0,0,7
636,720,720,705,646,615,0,0,0,25,0,0,0,0,0,0.0354609929078014,0,0,0,0,0,0.178953333121249,0,0,0,0,0,0.178953333121249,0,0,0,0,0,0.178953333121249,0,0,0,0,0,0.178953333121249,0,0,1,1,1,1,1,1,0,0,0,0.178953333121249,0,0,3,3,4,3,3,3,0,0,0,0,0,0,2
951,1097,1152,984,1082,1039,273,540,805,598,472,532,0.287066246056782,0.492251595259799,0.698784722222222,0.607723577235772,0.436229205175601,0.512030798845043,0.953658185478562,0.998155793279407,0.963376625127021,1.02228910176948,0.988135441413759,0.959269838973209,0.953658185478562,0.998155793279407,0.963376625127021,1.02228910176948,0.988135441413759,0.959269838973209,0.953658185478562,0.998155793279407,0.963376625127021,1.02228910176948,0.988135441413759,0.959269838973209,0.953658185478562,0.998155793279407,0.963376625127021,1.02228910176948,0.988135441413759,0.959269838973209,1,1,1,1,1,1,2.86097455643569,2.99446737983822,3.85350650050809,3.06686730530843,2.96440632424128,2.87780951691963,3,3,4,3,3,3,0,0,0,0,0,0,1
917,1238,1342,1200,1161,1130,339,637,980,837,529,639,0.369683751363141,0.51453957996769,0.730253353204173,0.6975,0.455641688199828,0.565486725663717,1.13702101100173,1.01519351811427,1.00676072118503,1.04061527385188,1.00489588084105,1.00520682974789,1.13702101100173,1.01519351811427,1.00676072118503,1.04061527385188,1.00489588084105,1.00520682974789,1.13702101100173,1.01519351811427,1.00676072118503,1.04061527385188,1.00489588084105,1.00520682974789,1.13702101100173,1.01519351811427,1.00676072118503,1.04061527385188,1.00489588084105,1.00520682974789,1,1,1,1,1,1,3.68436143610014,3.13004976050046,4.02704288474013,3.52579891735734,3.09632433148034,3.17825233262825,3,3,4,3,3,3,0,0,0,0,0,0,1
218,244,288,217,247,217,53,122,193,124,118,108,0.243119266055046,0.5,0.670138888888889,0.571428571428571,0.477732793522267,0.497695852534562,1.13320105184525,0.979449778574578,0.932454320621891,0.94550130206164,1.06213386004677,0.956646878716454,1.13320105184525,0.979449778574578,0.932454320621891,0.94550130206164,1.06213386004677,0.956646878716454,1.13320105184525,0.979449778574578,0.932454320621891,0.94550130206164,1.06213386004677,0.956646878716454,1.13320105184525,0.979449778574578,0.932454320621891,0.94550130206164,1.06213386004677,0.956646878716454,1,1,1,1,1,1,2.41308173225853,3.06429314083694,3.60132299363197,2.83650390618492,3.22499181106226,2.86994063614936,3,3,4,3,3,3,0,0,0,0,0,0,1
796,925,913,836,883,857,89,177,167,200,145,146,0.111809045226131,0.191351351351351,0.182913472070099,0.239234449760766,0.164212910532276,0.170361726954492,0.982578100153883,1.03909934571625,0.982976072174083,0.905124302001654,1.06967450084474,0.982383197572109,0.982578100153883,1.03909934571625,0.982976072174083,0.905124302001654,1.06967450084474,0.982383197572109,0.982578100153883,1.03909934571625,0.982976072174083,0.905124302001654,1.06967450084474,0.982383197572109,0.982578100153883,1.03909934571625,0.982976072174083,0.905124302001654,1.06967450084474,0.982383197572109,1,1,1,1,1,1,1.10976134847065,1.17271326687165,0.982976072174083,1.18753153967072,1.10853870389077,0.982383197572109,3,3,4,3,3,3,0,0,0,0,0,0,1
1573,1585,1660,1501,1566,1682,0,0,1,0,0,47,0,0,0.000602409638554217,0,0,0.0279429250891795,0,0,0,0,0,0.161131614414538,0,0,0,0,0,0.161131614414538,0,0,0,0,0,0.161131614414538,0,0,0,0,0,0.161131614414538,1,1,1,1,1,1,0,0,0.00323734634548351,0,0,0.161131614414538,3,3,4,3,3,3,0,0,0,0,0,0,8
757,920,986,927,941,974,245,499,673,643,384,499,0.323645970937913,0.542391304347826,0.682555780933063,0.693635382955771,0.40807651434644,0.512320328542094,1.02649412015524,1.06249008588851,0.949731611683872,1.03958767106613,0.918256282520799,0.986783588325463,1.02649412015524,1.06249008588851,0.949731611683872,1.03958767106613,0.918256282520799,0.986783588325463,1.02649412015524,1.06249008588851,0.949731611683872,1.03958767106613,0.918256282520799,0.986783588325463,1.02649412015524,1.06249008588851,0.949731611683872,1.03958767106613,0.918256282520799,0.986783588325463,1,1,1,1,1,1,3.21235002417507,3.32409190712528,3.66805130856721,3.44312407813871,2.7547688475624,2.96035076497639,3,3,4,3,3,3,0,0,0,0,0,0,1
241,313,378,307,334,307,65,157,249,185,145,153,0.269709543568465,0.501597444089457,0.658730158730159,0.602605863192182,0.434131736526946,0.498371335504886,0.887684680456622,1.00801006219582,0.913933744805746,1.00452233358863,0.979398405887079,0.911103303084796,0.887684680456622,1.00801006219582,0.913933744805746,1.00452233358863,0.979398405887079,0.911103303084796,0.887684680456622,1.00801006219582,0.913933744805746,1.00452233358863,0.979398405887079,0.911103303084796,0.887684680456622,1.00801006219582,0.913933744805746,1.00452233358863,0.979398405887079,0.911103303084796,1,1,1,1,1,1,2.66305404136987,2.99527649629583,3.58467171609013,3.01356700076588,2.93819521766124,2.73330990925439,3,3,4,3,3,3,0,0,0,0,0,0,1
131,193,187,194,145,154,43,105,127,135,55,91,0.32824427480916,0.544041450777202,0.679144385026738,0.695876288659794,0.379310344827586,0.590909090909091,1.01978538508531,1.0933055243743,0.942256799457609,1.03432092072336,0.855721698746523,1.06604901528032,1.01978538508531,1.0933055243743,0.942256799457609,1.03432092072336,0.855721698746523,1.06604901528032,1.01978538508531,1.0933055243743,0.942256799457609,1.03432092072336,0.855721698746523,1.06604901528032,1.01978538508531,1.0933055243743,0.942256799457609,1.03432092072336,0.855721698746523,1.06604901528032,1,1,1,1,1,1,3.24101339174585,3.2487298125726,3.69576166489751,3.48000235014605,2.56716509623957,3.24083180268397,3,3,4,3,3,3,0,0,0,0,0,0,1
933,1380,1215,1137,1305,1137,287,734,792,599,631,547,0.307609860664523,0.531884057971014,0.651851851851852,0.526824978012313,0.483524904214559,0.481090589270009,1.05545239407951,0.959751938860085,0.988717584368949,0.923670925663679,0.950346443224397,0.948203931933887,1.05545239407951,0.959751938860085,0.988717584368949,0.923670925663679,0.950346443224397,0.948203931933887,1.05545239407951,0.959751938860085,0.988717584368949,0.923670925663679,0.950346443224397,0.948203931933887,1.05545239407951,0.959751938860085,0.988717584368949,0.923670925663679,0.950346443224397,0.948203931933887,1,1,1,1,1,1,3.34604375940766,4.77228395668053,4.79982616398642,3.23271184185177,4.64051109150922,3.36376405363363,4,6,6,4,6,5,0,0,0,0,0,0,1
269,350,357,280,323,270,19,1,1,35,0,0,0.070631970260223,0.00285714285714286,0.00280112044817927,0.125,0,0,0.767479798603563,0,0,0.76702699586508,0,0,0.767479798603563,0,0,0.76702699586508,0,0,0.767479798603563,0,0,0.76702699586508,0,0,0.767479798603563,0,0,0.76702699586508,0,0,1,1,1,1,1,1,0.767479798603563,0.0256354685100005,0.0206256853876422,0.76702699586508,0,0,4,6,6,4,6,5,0,0,0,0,0,0,9
324,625,593,486,486,477,127,421,462,349,286,299,0.391975308641975,0.6736,0.779089376053963,0.718106995884774,0.588477366255144,0.626834381551363,1.03652775464725,1.01141786402369,0.99353820155191,0.978318863204851,0.972750689020904,0.964514034651238,1.03652775464725,1.01141786402369,0.99353820155191,0.978318863204851,0.972750689020904,0.964514034651238,1.03652775464725,1.01141786402369,0.99353820155191,0.978318863204851,0.972750689020904,0.964514034651238,1.03652775464725,1.01141786402369,0.99353820155191,0.978318863204851,0.972750689020904,0.964514034651238,1,1,1,1,1,1,4.22060073490312,6.05022243428711,5.61005356644879,4.44548322374989,5.53307278558297,4.43461128902889,4,6,6,5,6,5,0,0,0,0,0,0,1
499,921,829,777,725,670,0,107,0,0,77,0,0,0.116178067318132,0,0,0.106206896551724,0,0,1.04350229997073,0,0,0.998594886819801,0,0,1.04350229997073,0,0,0.998594886819801,0,0,1.04350229997073,0,0,0.998594886819801,0,0,1.04350229997073,0,0,0.998594886819801,0,1,1,1,1,1,1,0,1.04350229997073,0,0,0.998594886819801,0,4,6,6,5,6,5,0,0,0,0,0,0,11
1283,1526,1288,1510,1587,1582,240,525,523,716,435,589,0.187061574434918,0.344036697247706,0.406055900621118,0.474172185430464,0.274102079395085,0.372313527180784,1.02206809304203,0.997458938529907,0.944325013534826,1.06069039361121,0.944885857836782,1.02320403767201,1.02206809304203,0.997458938529907,0.944325013534826,1.06069039361121,0.944885857836782,1.02320403767201,1.02206809304203,0.997458938529907,0.944325013534826,1.06069039361121,0.944885857836782,1.02320403767201,1.02206809304203,0.997458938529907,0.944325013534826,1.06069039361121,0.944885857836782,1.02320403767201,1,1,1,1,1,1,2.04413618608405,2.12761756737447,1.88865002706965,2.38587543213919,1.88977171567356,2.04640807534401,2,2,2,2,2,2,2,1,1,1,1,1,1
140,203,169,178,171,203,43,68,72,89,64,85,0.307142857142857,0.334975369458128,0.42603550295858,0.5,0.374269005847953,0.41871921182266,1.58263865611609,0.971187606224456,0.990789646160246,1.1184654290174,1.21694686384184,1.15073763618519,1.58263865611609,0.971187606224456,0.990789646160246,1.1184654290174,1.21694686384184,1.15073763618519,1.58263865611609,0.971187606224456,0.990789646160246,1.1184654290174,1.21694686384184,1.15073763618519,1.58263865611609,0.971187606224456,0.990789646160246,1.1184654290174,1.21694686384184,1.15073763618519,1,1,1,1,1,1,3.35633777529974,2.07157982389222,1.98157929232049,2.51583233416912,2.57873749045815,2.30147527237038,2,2,2,2,2,2,2,1,1,1,1,1,1
140,181,165,190,136,150,11,25,31,34,23,28,0.0785714285714286,0.138121546961326,0.187878787878788,0.178947368421053,0.169117647058824,0.186666666666667,0.858598035541793,0.854181638467097,0.873863123945038,0.900403151176318,1.04129425793829,1.02600670181594,0.858598035541793,0.854181638467097,0.873863123945038,0.900403151176318,1.04129425793829,1.02600670181594,0.858598035541793,0.854181638467097,0.873863123945038,0.900403151176318,1.04129425793829,1.02600670181594,0.858598035541793,0.854181638467097,0.873863123945038,0.900403151176318,1.04129425793829,1.02600670181594,1,1,1,1,1,1,0.858598035541793,0.854181638467097,0.873863123945038,0.900403151176318,1.16523145105376,1.02600670181594,2,2,2,2,2,2,2,1,1,1,1,1,1
516,558,516,518,547,529,0,0,102,0,0,0,0,0,0.197674418604651,0,0,0,0,0,0.919424629657101,0,0,0,0,0,0.919424629657101,0,0,0,0,0,0.919424629657101,0,0,0,0,0,0.919424629657101,0,0,0,1,1,1,1,1,1,0,0,0.919424629657101,0,0,0,2,2,2,2,2,2,2,1,1,1,1,1,6
691,857,755,885,840,908,0,0,0,0,0,38,0,0,0,0,0,0.0418502202643172,0,0,0,0,0,0.230028248912479,0,0,0,0,0,0.230028248912479,0,0,0,0,0,0.230028248912479,0,0,0,0,0,0.230028248912479,1,1,1,1,1,1,0,0,0,0,0,0.230028248912479,2,2,2,2,2,2,2,1,1,1,1,1,4
695,859,744,808,879,766,0,148,0,0,148,1,0,0.172293364377183,0,0,0.168373151308305,0.00130548302872063,0,1.01357661248731,0,0,1.03671023513785,0,0,1.01357661248731,0,0,1.03671023513785,0,0,1.01357661248731,0,0,1.03671023513785,0,0,1.01357661248731,0,0,1.03671023513785,0,1,1,1,1,1,1,0,1.06550955675234,0,0,1.160101827512,0.00717554108879109,2,2,2,2,2,2,2,1,1,1,1,1,11
1045,1222,1023,1205,1162,1050,207,232,225,265,187,231,0.198086124401914,0.189852700490998,0.219941348973607,0.219917012448133,0.160929432013769,0.22,1.02069362978178,1.03709070048743,1.02299273094502,0.965625140711126,0.99087763106662,1.20922218428307,1.02069362978178,1.03709070048743,1.02299273094502,0.965625140711126,0.99087763106662,1.20922218428307,1.02069362978178,1.03709070048743,1.02299273094502,0.965625140711126,0.99087763106662,1.20922218428307,1.02069362978178,1.03709070048743,1.02299273094502,0.965625140711126,0.99087763106662,1.20922218428307,1,1,1,1,1,1,2.16460818355817,1.17506291113875,1.02299273094502,1.10654866150177,1.1088141234453,1.20922218428307,2,2,2,2,2,2,2,1,1,1,1,1,1
716,748,675,701,693,638,114,121,138,168,91,124,0.159217877094972,0.161764705882353,0.204444444444444,0.239657631954351,0.131313131313131,0.19435736677116,0.869935541343767,1.00039743658117,0.950913420895031,0.965195004496069,0.904755909294265,1.06827836172058,0.869935541343767,1.00039743658117,0.950913420895031,0.965195004496069,0.904755909294265,1.06827836172058,0.869935541343767,1.00039743658117,0.950913420895031,0.965195004496069,0.904755909294265,1.06827836172058,0.869935541343767,1.00039743658117,0.950913420895031,0.965195004496069,0.904755909294265,1.06827836172058,1,1,1,1,1,1,1.73987108268753,1.00039743658117,0.950913420895031,1.20587683920232,0.904755909294265,1.06827836172058,2,2,2,2,2,2,2,1,1,1,1,1,1
1152,1061,936,965,1059,1012,201,341,437,414,315,300,0.174479166666667,0.321394910461828,0.466880341880342,0.429015544041451,0.297450424929178,0.296442687747036,0.953320262000713,0.993797264992039,1.04600853730946,0.959678109042912,1.02569481719288,1.6293867017828,0.953320262000713,0.993797264992039,1.04600853730946,0.959678109042912,1.02569481719288,1.6293867017828,0.953320262000713,0.993797264992039,1.04600853730946,0.959678109042912,1.02569481719288,1.6293867017828,0.953320262000713,0.993797264992039,1.04600853730946,0.959678109042912,1.02569481719288,1.6293867017828,1,1,1,1,1,1,1.90664052400143,1.98759452998408,2.17155709098625,2.15866235512128,2.05138963438575,1.6293867017828,2,2,2,2,2,2,2,1,1,1,1,1,1
342,498,444,477,453,441,51,99,107,118,86,89,0.149122807017544,0.198795180722892,0.240990990990991,0.247379454926625,0.189845474613687,0.201814058956916,0.814778040107443,1.08505129816006,1.04168753142109,0.996293805304805,1.16892001543778,1.10926380541325,0.814778040107443,1.08505129816006,1.04168753142109,0.996293805304805,1.16892001543778,1.10926380541325,0.814778040107443,1.08505129816006,1.04168753142109,0.996293805304805,1.16892001543778,1.10926380541325,0.814778040107443,1.08505129816006,1.04168753142109,0.996293805304805,1.16892001543778,1.10926380541325,1,1,1,1,1,1,1.62955608021489,1.22940407869011,1.12089897219192,1.24473046302707,1.30804751430317,1.10926380541325,2,2,2,2,2,2,2,1,1,1,1,1,1
987,1240,1074,1209,1091,1100,149,166,188,202,126,167,0.15096251266464,0.133870967741935,0.175046554934823,0.167080231596361,0.115490375802017,0.151818181818182,0.826364699917539,0.981843303116642,0.986969978896745,0.927996953400616,0.931465676213012,0.917735074358478,0.826364699917539,0.981843303116642,0.986969978896745,0.927996953400616,0.931465676213012,0.917735074358478,0.826364699917539,0.981843303116642,0.986969978896745,0.927996953400616,0.931465676213012,0.917735074358478,0.826364699917539,0.981843303116642,0.986969978896745,0.927996953400616,0.931465676213012,0.917735074358478,1,1,1,1,1,1,1.85225140900474,0.981843303116642,0.986969978896745,0.927996953400616,0.931465676213012,0.917735074358478,2,2,2,2,2,2,2,1,1,1,1,1,1
1023,1099,976,931,1125,999,185,130,190,180,150,177,0.180840664711632,0.118289353958144,0.194672131147541,0.193340494092374,0.133333333333333,0.177177177177177,0.988078251156689,0.731533901842795,0.905460369370602,0.972824533083657,0.918675230975715,0.973848059960434,0.988078251156689,0.731533901842795,0.905460369370602,0.972824533083657,0.918675230975715,0.973848059960434,0.988078251156689,0.731533901842795,0.905460369370602,0.972824533083657,0.918675230975715,0.973848059960434,0.988078251156689,0.731533901842795,0.905460369370602,0.972824533083657,0.918675230975715,0.973848059960434,1,1,1,1,1,1,1.97615650231338,0.731533901842795,0.905460369370602,0.972824533083657,0.918675230975715,0.973848059960434,2,2,2,2,2,2,2,1,1,1,1,1,1
512,480,432,461,524,494,94,88,113,99,77,92,0.18359375,0.183333333333333,0.261574074074074,0.214750542299349,0.146946564885496,0.186234817813765,1.00312057419478,1.00065841941427,1.1306582473706,0.942939885901312,1.01247127077953,1.02363305993783,1.00312057419478,1.00065841941427,1.1306582473706,0.942939885901312,1.01247127077953,1.02363305993783,1.00312057419478,1.00065841941427,1.1306582473706,0.942939885901312,1.01247127077953,1.02363305993783,1.00312057419478,1.00065841941427,1.1306582473706,0.942939885901312,1.01247127077953,1.02363305993783,1,1,1,1,1,1,2.00624114838956,1.13378376145866,1.21663515128101,1.08055271619411,1.01247127077953,1.02363305993783,2,2,2,2,2,2,2,1,1,1,1,1,1
675,722,815,709,785,732,132,297,364,309,260,284,0.195555555555556,0.411357340720222,0.446625766871166,0.435825105782793,0.331210191082803,0.387978142076503,1.01492549987144,1.17841670341272,0.980484958305857,0.95962982894057,1.08200582559855,1.06809419003397,1.01492549987144,1.17841670341272,0.980484958305857,0.95962982894057,1.08200582559855,1.06809419003397,1.01492549987144,1.17841670341272,0.980484958305857,0.95962982894057,1.08200582559855,1.06809419003397,1.01492549987144,1.17841670341272,0.980484958305857,0.95962982894057,1.08200582559855,1.06809419003397,1,1,1,1,1,1,2.1568562203297,2.57478433327958,2.12425134692784,2.22988774401559,2.30759380095994,2.16123054515864,2,2,2,2,2,2,2,1,1,1,1,1,1
574,697,672,717,701,632,97,144,133,141,81,102,0.168989547038328,0.206599713055954,0.197916666666667,0.196652719665272,0.115549215406562,0.161392405063291,0.931924829915576,1.09288376841959,0.941335625777746,1.00616849188002,0.804024123428947,0.899035687197611,0.931924829915576,1.09288376841959,0.941335625777746,1.00616849188002,0.804024123428947,0.899035687197611,0.931924829915576,1.09288376841959,0.941335625777746,1.00616849188002,0.804024123428947,0.899035687197611,0.931924829915576,1.09288376841959,0.941335625777746,1.00616849188002,0.804024123428947,0.899035687197611,1,1,1,1,1,1,1.86384965983115,1.29501517842414,0.941335625777746,1.00616849188002,0.804024123428947,0.899035687197611,2,2,2,2,2,2,2,1,1,1,1,1,1
626,748,633,682,648,674,0,0,24,0,0,0,0,0,0.037914691943128,0,0,0,0,0,0.18033069608314,0,0,0,0,0,0.18033069608314,0,0,0,0,0,0.18033069608314,0,0,0,0,0,0.18033069608314,0,0,0,1,1,1,1,1,1,0,0,0.18033069608314,0,0,0,2,2,2,2,2,2,2,1,1,1,1,1,20
470,561,529,523,545,489,0,0,0,22,0,0,0,0,0,0.0420650095602294,0,0,0,0,0,0.210285548698978,0,0,0,0,0,0.210285548698978,0,0,0,0,0,0.210285548698978,0,0,0,0,0,0.210285548698978,0,0,1,1,1,1,1,1,0,0,0,0.210285548698978,0,0,2,2,2,2,2,2,2,1,1,1,1,1,2
594,568,564,573,598,552,0,1,1,2,23,0,0,0.00176056338028169,0.00177304964539007,0.00349040139616056,0.0384615384615385,0,0,0,0,0,0.259626950832246,0,0,0,0,0,0.259626950832246,0,0,0,0,0,0.259626950832246,0,0,0,0,0,0.259626950832246,0,1,1,1,1,1,1,0,0.0100615154674698,0.00840658231730543,0.0154167855050736,0.259626950832246,0,2,2,2,2,2,2,1,1,1,1,1,1,13
561,478,461,490,551,494,105,140,197,193,118,171,0.18716577540107,0.292887029288703,0.427331887201735,0.393877551020408,0.214156079854809,0.346153846153846,0.957911635667522,0.937803288875444,1.01305699361298,0.908860660152116,1.36395195081909,0.965765869543255,0.957911635667522,0.937803288875444,1.01305699361298,0.908860660152116,1.36395195081909,0.965765869543255,0.957911635667522,0.937803288875444,1.01305699361298,0.908860660152116,1.36395195081909,0.965765869543255,0.957911635667522,0.937803288875444,1.01305699361298,0.908860660152116,1.36395195081909,0.965765869543255,1,1,1,1,1,1,1.80861004703936,1.67383202923263,2.02611398722597,1.73972131859243,1.44561794038717,1.69005125420186,2,2,2,2,2,2,1,1,1,1,1,1,1
2008,2039,1876,1875,2172,1863,352,640,802,788,592,594,0.175298804780877,0.313879352623835,0.427505330490405,0.420266666666667,0.27255985267035,0.318840579710145,0.853644145200465,0.961846565780642,1.01058063690156,1.02705017959165,0.926441111842047,0.889052838367116,0.853644145200465,0.961846565780642,1.01058063690156,1.02705017959165,0.926441111842047,0.889052838367116,0.853644145200465,0.961846565780642,1.01058063690156,1.02705017959165,0.926441111842047,0.889052838367116,0.853644145200465,0.961846565780642,1.01058063690156,1.02705017959165,0.926441111842047,0.889052838367116,1,1,1,1,1,1,1.73485041690023,1.85116204195584,2.02116127380312,2.0541003591833,1.8167598335716,1.6520326025266,2,2,2,2,2,2,1,1,1,1,1,1,1
184,231,201,220,233,190,34,77,84,112,62,62,0.184782608695652,0.333333333333333,0.417910447761194,0.509090909090909,0.266094420600858,0.326315789473684,0.914353597938891,1.02146101438892,0.987899275973595,1.07625495360491,0.904464866931747,0.909896660893427,0.914353597938891,1.02146101438892,0.987899275973595,1.07625495360491,0.904464866931747,0.909896660893427,0.914353597938891,1.02146101438892,0.987899275973595,1.07625495360491,0.904464866931747,0.909896660893427,0.914353597938891,1.02146101438892,0.987899275973595,1.07625495360491,0.904464866931747,0.909896660893427,1,1,1,1,1,1,1.82870719587778,1.96589552268123,1.97579855194719,2.48823878304392,1.77366420824212,1.69076446737052,2,2,2,2,2,2,1,1,1,1,1,1,1
437,582,524,552,571,484,46,92,114,120,70,75,0.105263157894737,0.15807560137457,0.217557251908397,0.217391304347826,0.122591943957968,0.15495867768595,1.0220062454497,0.929014220832614,0.979345359636343,1.01406551498299,0.818591288454647,0.781923104452997,1.0220062454497,0.929014220832614,0.979345359636343,1.01406551498299,0.818591288454647,0.781923104452997,1.0220062454497,0.929014220832614,0.979345359636343,1.01406551498299,0.818591288454647,0.781923104452997,1.0220062454497,0.929014220832614,0.979345359636343,1.01406551498299,0.818591288454647,0.781923104452997,1,1,1,1,1,1,1.0220062454497,0.929014220832614,0.979345359636343,1.03388228886039,0.818591288454647,0.781923104452997,2,2,2,2,2,2,1,1,1,1,1,1,1
519,559,533,613,577,515,26,81,103,111,79,63,0.0500963391136802,0.144901610017889,0.193245778611632,0.181076672104405,0.136915077989601,0.122330097087379,0.486388328759299,0.853053561296931,0.868245863833484,0.861175035386813,0.914232097818784,0.616003576579942,0.486388328759299,0.853053561296931,0.868245863833484,0.861175035386813,0.914232097818784,0.616003576579942,0.486388328759299,0.853053561296931,0.868245863833484,0.861175035386813,0.914232097818784,0.616003576579942,0.486388328759299,0.853053561296931,0.868245863833484,0.861175035386813,0.914232097818784,0.616003576579942,1,1,1,1,1,1,0.486388328759299,0.853053561296931,0.868245863833484,0.861175035386813,0.914232097818784,0.616003576579942,2,2,2,2,2,2,1,1,1,1,1,1,1
56,72,38,49,65,57,7,10,4,14,8,10,0.125,0.138888888888889,0.105263157894737,0.285714285714286,0.123076923076923,0.175438596491228,1.15448566443602,0.817655934096338,0.472943326952731,1.23534072857065,0.821829671573808,0.883435928539877,1.15448566443602,0.817655934096338,0.472943326952731,1.23534072857065,0.821829671573808,0.883435928539877,1.15448566443602,0.817655934096338,0.472943326952731,1.23534072857065,0.821829671573808,0.883435928539877,1.15448566443602,0.817655934096338,0.472943326952731,1.23534072857065,0.821829671573808,0.883435928539877,1,1,1,1,1,1,1.21363241647152,0.817655934096338,0.472943326952731,1.35881672250223,0.821829671573808,0.883435928539877,2,2,2,2,2,2,1,1,1,1,1,1,1
519,715,671,676,697,643,38,94,138,124,79,101,0.0732177263969171,0.131468531468531,0.205663189269747,0.183431952662722,0.113342898134864,0.157076205287714,0.716461236565234,0.757690350419137,0.955513062498353,0.866360619466379,0.754625156199553,0.814641374784369,0.716461236565234,0.757690350419137,0.955513062498353,0.866360619466379,0.754625156199553,0.814641374784369,0.716461236565234,0.757690350419137,0.955513062498353,0.866360619466379,0.754625156199553,0.814641374784369,0.716461236565234,0.757690350419137,0.955513062498353,0.866360619466379,0.754625156199553,0.814641374784369,1,1,1,1,1,1,0.716461236565234,0.757690350419137,0.955513062498353,0.866360619466379,0.754625156199553,0.814641374784369,2,2,2,2,2,2,1,1,1,1,1,1,1
117,159,194,157,137,191,11,29,45,30,12,28,0.094017094017094,0.182389937106918,0.231958762886598,0.191082802547771,0.0875912408759124,0.146596858638743,0.919990373268313,1.05116482108529,0.975818779118457,0.902496063426041,0.583173316682349,0.760292535981431,0.919990373268313,1.05116482108529,0.975818779118457,0.902496063426041,0.583173316682349,0.760292535981431,0.919990373268313,1.05116482108529,0.975818779118457,0.902496063426041,0.583173316682349,0.760292535981431,0.919990373268313,1.05116482108529,0.975818779118457,0.902496063426041,0.583173316682349,0.760292535981431,1,1,1,1,1,1,0.919990373268313,1.05116482108529,1.07768253855288,0.902496063426041,0.583173316682349,0.760292535981431,2,2,2,2,2,2,1,1,1,1,1,1,1
980,1129,1021,1051,1045,1129,96,198,224,181,133,179,0.0979591836734694,0.175376439326838,0.219392752203722,0.172216936251189,0.127272727272727,0.158547387068202,0.959544235541804,1.01074404866703,0.986882393311193,0.813391393415091,0.84736850105814,0.823000301186333,0.959544235541804,1.01074404866703,0.986882393311193,0.813391393415091,0.84736850105814,0.823000301186333,0.959544235541804,1.01074404866703,0.986882393311193,0.813391393415091,0.84736850105814,0.823000301186333,0.959544235541804,1.01074404866703,0.986882393311193,0.813391393415091,0.84736850105814,0.823000301186333,1,1,1,1,1,1,0.959544235541804,1.01074404866703,1.0193007377376,0.813391393415091,0.84736850105814,0.823000301186333,2,2,2,2,2,2,1,1,1,1,1,1,1
931,1117,1031,1067,1150,1105,186,344,433,475,335,345,0.199785177228786,0.307967770814682,0.419980601357905,0.445173383317713,0.291304347826087,0.312217194570136,0.961136644958317,0.951014842625117,0.981362628425472,1.01827806459918,0.97102084659518,1.64137970828146,0.961136644958317,0.951014842625117,0.981362628425472,1.01827806459918,0.97102084659518,1.64137970828146,0.961136644958317,0.951014842625117,0.981362628425472,1.01827806459918,0.97102084659518,1.64137970828146,0.961136644958317,0.951014842625117,0.981362628425472,1.01827806459918,0.97102084659518,1.64137970828146,1,1,1,1,1,1,1.89189019094767,1.7832373047999,1.96272525685094,2.06918845115837,1.94204169319036,1.64137970828146,2,2,2,2,2,2,1,1,1,1,1,1,1
272,262,301,273,331,276,26,55,60,57,53,67,0.0955882352941176,0.209923664122137,0.199335548172757,0.208791208791209,0.16012084592145,0.242753623188406,0.904212223614697,1.2155288458679,0.931569014668575,0.970472121927902,1.05517244273051,1.2761977179439,0.904212223614697,1.2155288458679,0.931569014668575,0.970472121927902,1.05517244273051,1.2761977179439,0.904212223614697,1.2155288458679,0.931569014668575,0.970472121927902,1.05517244273051,1.2761977179439,0.904212223614697,1.2155288458679,0.931569014668575,0.970472121927902,1.05517244273051,1.2761977179439,1,1,1,1,1,1,0.904212223614697,1.2155288458679,0.931569014668575,0.970472121927902,1.06747929115708,1.2761977179439,2,2,2,2,2,2,1,1,1,1,1,1,1
294,337,314,372,343,338,0,0,0,17,0,0,0,0,0,0.0456989247311828,0,0,0,0,0,0.229217652924161,0,0,0,0,0,0.229217652924161,0,0,0,0,0,0.229217652924161,0,0,0,0,0,0.229217652924161,0,0,1,1,1,1,1,1,0,0,0,0.229217652924161,0,0,2,2,2,2,2,2,1,1,1,1,1,1,2
688,755,704,751,810,729,110,220,308,337,225,242,0.159883720930233,0.291390728476821,0.4375,0.448735019973369,0.277777777777778,0.33196159122085,1.43526672356986,0.8955888132567,1.00726883537865,0.920878467104962,0.939763503351378,0.896032993786404,1.43526672356986,0.8955888132567,1.00726883537865,0.920878467104962,0.939763503351378,0.896032993786404,1.43526672356986,0.8955888132567,1.00726883537865,0.920878467104962,0.939763503351378,0.896032993786404,1.43526672356986,0.8955888132567,1.00726883537865,0.920878467104962,0.939763503351378,0.896032993786404,1,1,1,1,1,1,1.56495101570506,1.64512852549585,2.01453767075729,2.25077479761765,1.87952700670276,1.79206598757281,2,2,2,2,2,2,1,1,1,1,1,1,1
874,1022,984,992,952,1032,0,0,53,0,0,0,0,0,0.0538617886178862,0,0,0,0,0,0.248015090708796,0,0,0,0,0,0.248015090708796,0,0,0,0,0,0.248015090708796,0,0,0,0,0,0.248015090708796,0,0,0,1,1,1,1,1,1,0,0,0.248015090708796,0,0,0,2,2,2,2,2,2,1,1,1,1,1,1,20
104,116,140,128,148,254,5,8,19,22,8,62,0.0480769230769231,0.0689655172413793,0.135714285714286,0.171875,0.0540540540540541,0.244094488188976,0.604312133086578,0.465414222300045,0.745364992793805,0.913541026966547,0.420463179495015,1.07336184317902,0.604312133086578,0.465414222300045,0.745364992793805,0.913541026966547,0.420463179495015,1.07336184317902,0.604312133086578,0.465414222300045,0.745364992793805,0.913541026966547,0.420463179495015,1.07336184317902,0.604312133086578,0.465414222300045,0.745364992793805,0.913541026966547,0.420463179495015,1.07336184317902,1,1,1,1,1,1,0.604312133086578,0.465414222300045,0.745364992793805,0.913541026966547,0.420463179495015,2.34880791338813,3,2,2,2,2,5,2,1,1,1,1,1,12
114,119,125,119,141,201,8,9,22,23,11,82,0.0701754385964912,0.0756302521008403,0.176,0.19327731092437,0.0780141843971631,0.407960199004975,0.785604943147795,0.430364281190028,0.797391097499236,0.930650099194579,0.518412518239566,0.89235407946675,0.785604943147795,0.430364281190028,0.797391097499236,0.930650099194579,0.518412518239566,0.89235407946675,0.785604943147795,0.430364281190028,0.797391097499236,0.930650099194579,0.518412518239566,0.89235407946675,0.785604943147795,0.430364281190028,0.797391097499236,0.930650099194579,0.518412518239566,0.89235407946675,1,1,1,1,1,1,0.785604943147795,0.430364281190028,0.797391097499236,0.930650099194579,0.518412518239566,3.569416317867,3,2,2,2,2,5,2,1,1,1,1,1,22
483,438,312,491,378,417,41,88,80,108,69,98,0.0848861283643892,0.200913242009132,0.256410256410256,0.219959266802444,0.182539682539683,0.235011990407674,0.792968620036556,0.963406898333325,0.915609823495995,1.0271435823716,1.01148397308261,1.02862593935116,0.792968620036556,0.963406898333325,0.915609823495995,1.0271435823716,1.01148397308261,1.02862593935116,0.792968620036556,0.963406898333325,0.915609823495995,1.0271435823716,1.01148397308261,1.02862593935116,0.792968620036556,0.963406898333325,0.915609823495995,1.0271435823716,1.01148397308261,1.02862593935116,1,1,1,1,1,1,0.792968620036556,1.04951655477633,0.915609823495995,1.08853525893169,1.01148397308261,1.02862593935116,2,1,1,2,1,1,1,1,1,1,1,1,1
335,280,232,291,239,223,69,67,65,123,42,62,0.205970149253731,0.239285714285714,0.280172413793103,0.422680412371134,0.175732217573222,0.278026905829596,1.04477841853033,1.04274358777128,1.03299019968847,0.918332614632289,0.943044898835173,1.10990506481225,1.04477841853033,1.04274358777128,1.03299019968847,0.918332614632289,0.943044898835173,1.10990506481225,1.04477841853033,1.04274358777128,1.03299019968847,0.918332614632289,0.943044898835173,1.10990506481225,1.04477841853033,1.04274358777128,1.03299019968847,0.918332614632289,0.943044898835173,1.10990506481225,1,1,1,1,1,1,2.08955683706066,1.28330211042358,1.03299019968847,2.23931107834684,1.06014464267764,1.32884111956945,2,1,1,2,1,1,1,1,1,1,1,1,1
692,697,554,790,618,621,79,137,163,184,118,125,0.114161849710983,0.196556671449067,0.294223826714801,0.232911392405063,0.190938511326861,0.201288244766506,1.00037764433563,1.05414396359341,1.00191714123915,1.00888885135465,1.02464756653373,0.963617227055112,1.00037764433563,1.05414396359341,1.00191714123915,1.00888885135465,1.02464756653373,0.963617227055112,1.00037764433563,1.05414396359341,1.00191714123915,1.00888885135465,1.02464756653373,0.963617227055112,1.00037764433563,1.05414396359341,1.00191714123915,1.00888885135465,1.02464756653373,0.963617227055112,1,1,1,1,1,1,1.15816624136739,1.05414396359341,1.08479748379393,1.23393714499334,1.15188007446428,0.963617227055112,2,1,1,2,1,1,1,1,1,1,1,1,1
645,708,576,862,750,737,67,118,151,190,128,150,0.103875968992248,0.166666666666667,0.262152777777778,0.220417633410673,0.170666666666667,0.203527815468114,1.05381649719866,0.893842265966675,0.966552154793979,0.9547703557723,1.02958555266014,0.972769629483043,1.05381649719866,0.893842265966675,0.966552154793979,0.9547703557723,1.02958555266014,0.972769629483043,1.05381649719866,0.893842265966675,0.966552154793979,0.9547703557723,1.02958555266014,0.972769629483043,1.05381649719866,0.893842265966675,0.966552154793979,0.9547703557723,1.02958555266014,0.972769629483043,1,1,1,1,1,1,1.05381649719866,0.893842265966675,0.966552154793979,1.16774668026519,1.02958555266014,0.972769629483043,2,1,1,2,1,1,1,1,1,1,1,1,1
491,490,437,571,420,476,57,84,108,112,67,111,0.116089613034623,0.171428571428571,0.247139588100687,0.19614711033275,0.15952380952381,0.233193277310924,1.01727025195738,0.919380616422866,0.911198818637365,1.03916430546154,0.962363728072396,0.979537106225306,1.01727025195738,0.919380616422866,0.911198818637365,1.03916430546154,0.962363728072396,0.979537106225306,1.01727025195738,0.919380616422866,0.911198818637365,1.03916430546154,0.962363728072396,0.979537106225306,1.01727025195738,0.919380616422866,0.911198818637365,1.03916430546154,0.962363728072396,0.979537106225306,1,1,1,1,1,1,1.17772330362978,0.919380616422866,0.911198818637365,1.03916430546154,0.962363728072396,1.11455693388122,2,1,1,2,1,1,1,1,1,1,1,1,1
386,347,265,405,333,308,97,65,81,172,62,74,0.251295336787565,0.187319884726225,0.305660377358491,0.424691358024691,0.186186186186186,0.24025974025974,1.11250369295345,1.00460658134583,1.02873343815192,0.922701676755502,0.999144809876991,1.00922004883819,1.11250369295345,1.00460658134583,1.02873343815192,0.922701676755502,0.999144809876991,1.00922004883819,1.11250369295345,1.00460658134583,1.02873343815192,0.922701676755502,0.999144809876991,1.00922004883819,1.11250369295345,1.00460658134583,1.02873343815192,0.922701676755502,0.999144809876991,1.00922004883819,1,1,1,1,1,1,2.54937859203597,1.00460658134583,1.12696382191848,2.24996483174578,1.1232105902472,1.14833138642308,2,1,1,2,1,1,1,1,1,1,1,1,1
374,392,332,406,346,402,30,98,104,87,54,78,0.0802139037433155,0.25,0.313253012048193,0.214285714285714,0.15606936416185,0.194029850746269,0.813766031638363,1.08943359916402,1.05428728080719,0.928209075198183,0.941523999339226,0.927373713440501,0.813766031638363,1.08943359916402,1.05428728080719,0.928209075198183,0.941523999339226,0.927373713440501,0.813766031638363,1.08943359916402,1.05428728080719,0.928209075198183,0.941523999339226,0.927373713440501,0.813766031638363,1.08943359916402,1.05428728080719,0.928209075198183,0.941523999339226,0.927373713440501,1,1,1,1,1,1,0.813766031638363,1.34076339895001,1.15495771724205,1.13526049442322,0.941523999339226,0.927373713440501,2,1,1,2,1,1,1,1,1,1,1,1,1
786,679,567,899,712,658,0,23,2,0,1,0,0,0.0338733431516937,0.00352733686067019,0,0.00140449438202247,0,0,0.18166455479146,0,0,0,0,0,0.18166455479146,0,0,0,0,0,0.18166455479146,0,0,0,0,0,0.18166455479146,0,0,0,0,1,1,1,1,1,1,0,0.18166455479146,0.0130052218872731,0,0.00847293237025001,0,2,1,1,2,1,1,1,1,1,1,1,1,10
105,109,81,85,75,106,6,23,20,12,12,25,0.0571428571428571,0.211009174311927,0.246913580246914,0.141176470588235,0.16,0.235849056603774,0.579711420633805,0.999379692842274,0.910365532109119,0.747936325737653,0.965236455618881,0.990692806738155,0.579711420633805,0.999379692842274,0.910365532109119,0.747936325737653,0.965236455618881,0.990692806738155,0.579711420633805,0.999379692842274,0.910365532109119,0.747936325737653,0.965236455618881,0.990692806738155,0.579711420633805,0.999379692842274,0.910365532109119,0.747936325737653,0.965236455618881,0.990692806738155,1,1,1,1,1,1,0.579711420633805,1.13165351104038,0.910365532109119,0.747936325737653,0.965236455618881,1.12725034108334,2,1,1,2,1,1,1,1,1,1,1,1,1
815,890,720,1002,899,895,92,187,170,171,167,188,0.112883435582822,0.210112359550562,0.236111111111111,0.170658682634731,0.185761957730812,0.210055865921788,0.989175154911604,0.995132207093506,0.870537040079345,0.904129615319094,0.996868241093497,1.00509372693999,0.989175154911604,0.995132207093506,0.870537040079345,0.904129615319094,0.996868241093497,1.00509372693999,0.989175154911604,0.995132207093506,0.870537040079345,0.904129615319094,0.996868241093497,1.00509372693999,0.989175154911604,0.995132207093506,0.870537040079345,0.904129615319094,0.996868241093497,1.00509372693999,1,1,1,1,1,1,1.14519679413549,1.12684384540967,0.870537040079345,0.904129615319094,1.12065133543071,1.00509372693999,2,1,1,2,1,1,1,1,1,1,1,1,1
762,779,680,903,674,719,98,0,2,228,0,0,0.128608923884514,0,0.00294117647058824,0.252491694352159,0,0,1.01019104080757,0,0,0.929937313933774,0,0,1.01019104080757,0,0,0.929937313933774,0,0,1.01019104080757,0,0,0.929937313933774,0,0,1.01019104080757,0,0,0.929937313933774,0,0,1,1,1,1,1,1,1.30473108449734,0,0.0108440600148292,1.33767128025062,0,0,2,1,1,2,1,1,1,1,1,1,1,1,14
307,299,245,355,267,285,24,43,51,83,46,61,0.0781758957654723,0.1438127090301,0.208163265306122,0.233802816901408,0.172284644194757,0.214035087719298,0.804374117003378,0.764751485218545,0.779733475455952,1.02513684292044,1.047255811041,1.03915012083174,0.804374117003378,0.764751485218545,0.779733475455952,1.02513684292044,1.047255811041,1.03915012083174,0.804374117003378,0.764751485218545,0.779733475455952,1.02513684292044,1.047255811041,1.03915012083174,0.804374117003378,0.764751485218545,0.779733475455952,1.02513684292044,1.047255811041,1.03915012083174,1,1,1,1,1,1,0.804374117003378,0.764751485218545,0.779733475455952,1.24964704201374,1.047255811041,1.03915012083174,2,1,1,2,1,1,1,1,1,1,1,1,1
291,329,256,410,313,331,33,71,69,89,69,69,0.11340206185567,0.21580547112462,0.26953125,0.217073170731707,0.220447284345048,0.208459214501511,0.900071131663169,1.05271054013976,1.00960435068803,0.951783677698247,1.12764775874361,1.01207900184024,0.900071131663169,1.05271054013976,1.00960435068803,0.951783677698247,1.12764775874361,1.01207900184024,0.900071131663169,1.05271054013976,1.00960435068803,0.951783677698247,1.12764775874361,1.01207900184024,0.900071131663169,1.05271054013976,1.00960435068803,0.951783677698247,1.12764775874361,1.01207900184024,1,1,1,1,1,1,1.16682619979399,1.14758671659748,1.00960435068803,1.16022915934247,1.34001901700294,1.01207900184024,2,1,1,2,1,1,1,1,1,1,1,1,1
807,1033,823,1151,1017,1005,0,0,0,0,66,0,0,0,0,0,0.0648967551622419,0,0,0,0,0,0.394872087944292,0,0,0,0,0,0.394872087944292,0,0,0,0,0,0.394872087944292,0,0,0,0,0,0.394872087944292,0,1,1,1,1,1,1,0,0,0,0,0.394872087944292,0,2,1,1,2,1,1,1,1,1,1,1,1,13
1134,992,810,1060,1028,1015,202,220,229,426,174,239,0.178130511463845,0.221774193548387,0.282716049382716,0.40188679245283,0.169260700389105,0.235467980295567,0.917226693362891,0.960703979553446,0.961998926909342,1.07401751627494,1.02987617944504,0.948950955947862,0.917226693362891,0.960703979553446,0.961998926909342,1.07401751627494,1.02987617944504,0.948950955947862,0.917226693362891,0.960703979553446,0.961998926909342,1.07401751627494,1.02987617944504,0.948950955947862,0.917226693362891,0.960703979553446,0.961998926909342,1.07401751627494,1.02987617944504,0.948950955947862,1,1,1,1,1,1,1.83445338672578,1.17932653548565,1.05899168822213,2.14803503254988,1.02987617944504,1.14320779262625,2,1,1,2,1,1,1,1,1,1,1,1,1
225,217,188,267,202,206,39,41,49,110,42,39,0.173333333333333,0.188940092165899,0.26063829787234,0.411985018726592,0.207920792079208,0.189320388349515,0.891738083600134,1.00472494451764,0.976293322157771,1.1010043994097,1.06357134714044,0.919159127251695,0.891738083600134,1.00472494451764,0.976293322157771,1.1010043994097,1.06357134714044,0.919159127251695,0.891738083600134,1.00472494451764,0.976293322157771,1.1010043994097,1.06357134714044,0.919159127251695,0.891738083600134,1.00472494451764,0.976293322157771,1.1010043994097,1.06357134714044,0.919159127251695,1,1,1,1,1,1,1.78347616720027,1.00472494451764,0.976293322157771,2.2020087988194,1.26387501775869,0.919159127251695,2,1,1,2,1,1,1,1,1,1,1,1,1
1359,1507,1170,1679,1518,1562,143,2,7,345,2,0,0.105224429727741,0.0013271400132714,0.00598290598290598,0.205479452054795,0.00131752305665349,0,1.08268420746153,0,0,1.09826217176484,0,0,1.08268420746153,0,0,1.09826217176484,0,0,1.08268420746153,0,0,1.09826217176484,0,0,1.08268420746153,0,0,1.09826217176484,0,0,1,1,1,1,1,1,1.08268420746153,0.00705731992038224,0.0224106403621076,1.09826217176484,0.00800874438757936,0,2,1,1,2,1,1,1,1,1,1,1,1,14
531,505,468,636,467,459,121,123,155,297,80,109,0.227871939736347,0.243564356435644,0.331196581196581,0.466981132075472,0.171306209850107,0.237472766884532,1.0150152090945,1.10492903185065,1.10350113103205,1.01303436893904,1.03773477210229,0.948146248005591,1.0150152090945,1.10492903185065,1.10350113103205,1.01303436893904,1.03773477210229,0.948146248005591,1.0150152090945,1.10492903185065,1.10350113103205,1.01303436893904,1.03773477210229,0.948146248005591,1.0150152090945,1.10492903185065,1.10350113103205,1.01303436893904,1.03773477210229,0.948146248005591,1,1,1,1,1,1,2.33169099712366,1.29340848933829,1.23342444966973,2.46607931749558,1.03773477210229,1.18703361072859,2,1,1,2,1,1,1,1,1,1,1,1,1
940,951,774,1145,941,912,0,0,0,0,0,55,0,0,0,0,0,0.0603070175438596,0,0,0,0,0,0.301451226288057,0,0,0,0,0,0.301451226288057,0,0,0,0,0,0.301451226288057,0,0,0,0,0,0.301451226288057,1,1,1,1,1,1,0,0,0,0,0,0.301451226288057,2,1,1,2,1,1,1,1,1,1,1,1,4
873,849,728,961,788,898,221,214,221,452,150,231,0.253150057273769,0.25206124852768,0.303571428571429,0.470343392299688,0.190355329949239,0.257238307349666,1.12761210798187,1.14347515941375,1.0114579491349,1.02032820787705,0.997943651168232,0.987422078289456,1.12761210798187,1.14347515941375,1.0114579491349,1.02032820787705,0.997943651168232,0.987422078289456,1.12761210798187,1.14347515941375,1.0114579491349,1.02032820787705,0.997943651168232,0.987422078289456,1.12761210798187,1.14347515941375,1.0114579491349,1.02032820787705,0.997943651168232,0.987422078289456,1,1,1,1,1,1,2.59034837790708,1.33852983847844,1.13054434580327,2.48383506784491,1.15313008860668,1.28583382758772,2,1,1,2,1,1,1,1,1,1,1,1,1
280,321,264,424,343,301,0,0,0,0,0,17,0,0,0,0,0,0.0564784053156146,0,0,0,0,0,0.282313489119302,0,0,0,0,0,0.282313489119302,0,0,0,0,0,0.282313489119302,0,0,0,0,0,0.282313489119302,1,1,1,1,1,1,0,0,0,0,0,0.282313489119302,2,1,1,2,1,1,1,1,1,1,1,1,4
555,479,387,562,547,515,122,115,114,229,105,115,0.21981981981982,0.240083507306889,0.294573643410853,0.407473309608541,0.191956124314442,0.223300970873786,0.979148466615445,1.0914167011043,0.999452001685641,1.0759123144773,1.00633586468811,0.893297749276678,0.979148466615445,1.0914167011043,0.999452001685641,1.0759123144773,1.00633586468811,0.893297749276678,0.979148466615445,1.0914167011043,0.999452001685641,1.0759123144773,1.00633586468811,0.893297749276678,0.979148466615445,1.0914167011043,0.999452001685641,1.0759123144773,1.00633586468811,0.893297749276678,1,1,1,1,1,1,2.24929798489562,1.27759121710244,1.09703527946619,2.15182462895459,1.16282734346517,1.11836592193461,2,1,1,2,1,1,1,1,1,1,1,1,1
211,212,184,245,181,195,23,57,42,58,33,47,0.109004739336493,0.268867924528302,0.228260869565217,0.236734693877551,0.18232044198895,0.241025641025641,0.899787170593191,1.21971859878129,0.850076822675604,1.03727600857613,0.95582050478743,0.962331640001158,0.899787170593191,1.21971859878129,0.850076822675604,1.03727600857613,0.95582050478743,0.962331640001158,0.899787170593191,1.21971859878129,0.850076822675604,1.03727600857613,0.95582050478743,0.962331640001158,0.899787170593191,1.21971859878129,0.850076822675604,1.03727600857613,0.95582050478743,0.962331640001158,1,1,1,1,1,1,1.11538686882109,1.42777892949849,0.850076822675604,1.25529521807939,1.10445653127544,1.20479304089616,2,1,1,2,1,1,1,1,1,1,1,1,1
597,681,565,766,639,627,68,134,163,185,137,167,0.113902847571189,0.196769456681351,0.288495575221239,0.241514360313316,0.214397496087637,0.266347687400319,0.940218944262698,1.04491186411091,0.978829866764973,1.05389932085906,1.09325654446222,1.02238888814845,0.940218944262698,1.04491186411091,0.978829866764973,1.05389932085906,1.09325654446222,1.02238888814845,0.940218944262698,1.04491186411091,0.978829866764973,1.05389932085906,1.09325654446222,1.02238888814845,0.940218944262698,1.04491186411091,0.978829866764973,1.05389932085906,1.09325654446222,1.02238888814845,1,1,1,1,1,1,1.16550657591181,1.04491186411091,1.07439966564209,1.27541249086395,1.29877216323029,1.33136806056478,2,1,1,2,1,1,1,1,1,1,1,1,1
1118,1063,845,1163,1023,1010,121,220,231,232,157,205,0.108228980322004,0.206961429915334,0.273372781065089,0.199484092863285,0.15347018572825,0.202970297029703,0.893383614078508,0.964272671010483,1.01808017106238,1.05345497235209,0.929688120182891,1.01456923972665,0.893383614078508,0.964272671010483,1.01808017106238,1.05345497235209,0.929688120182891,1.01456923972665,0.893383614078508,0.964272671010483,1.01808017106238,1.05345497235209,0.929688120182891,1.01456923972665,0.893383614078508,0.964272671010483,1.01808017106238,1.05345497235209,0.929688120182891,1.01456923972665,1,1,1,1,1,1,1.10744894407215,1.09903466309864,1.01808017106238,1.05345497235209,0.929688120182891,1.01456923972665,2,1,1,2,1,1,1,1,1,1,1,1,1
481,615,442,678,551,523,117,142,138,280,86,144,0.243243243243243,0.230894308943089,0.312217194570136,0.412979351032448,0.156079854809437,0.275334608030593,1.08348395895971,1.04745139631185,1.04026444382679,1.09045073363828,0.94549691282151,1.0568856314119,1.08348395895971,1.04745139631185,1.04026444382679,1.09045073363828,0.94549691282151,1.0568856314119,1.08348395895971,1.04745139631185,1.04026444382679,1.09045073363828,0.94549691282151,1.0568856314119,1.08348395895971,1.04745139631185,1.04026444382679,1.09045073363828,0.94549691282151,1.0568856314119,1,1,1,1,1,1,2.4889772783681,1.22612628422828,1.16274244135849,2.18090146727657,0.94549691282151,1.37629016672894,2,1,1,2,1,1,1,1,1,1,1,1,1
713,727,554,808,673,714,70,178,132,204,126,160,0.0981767180925666,0.24484181568088,0.23826714801444,0.252475247524752,0.187221396731055,0.224089635854342,1.00458955134383,1.11072422219674,0.888946261480456,0.929547623034751,0.981513910224779,0.894712055785093,1.00458955134383,1.11072422219674,0.888946261480456,0.929547623034751,0.981513910224779,0.894712055785093,1.00458955134383,1.11072422219674,0.888946261480456,0.929547623034751,0.981513910224779,0.894712055785093,1.00458955134383,1.11072422219674,0.888946261480456,0.929547623034751,0.981513910224779,0.894712055785093,1,1,1,1,1,1,1.00458955134383,1.30019222673218,0.888946261480456,1.33329580861897,1.13414542087747,1.12013656582514,2,1,1,2,1,1,1,1,1,1,1,1,1
395,380,317,437,402,381,45,78,100,104,72,82,0.113924050632911,0.205263157894737,0.315457413249211,0.237986270022883,0.17910447761194,0.215223097112861,0.940393966404221,0.956360098614392,1.05106040362877,1.03850374787453,0.946020567964592,1.07581620170489,0.940393966404221,0.956360098614392,1.05106040362877,1.03850374787453,0.946020567964592,1.07581620170489,0.940393966404221,0.956360098614392,1.05106040362877,1.03850374787453,0.946020567964592,1.07581620170489,0.940393966404221,0.956360098614392,1.05106040362877,1.03850374787453,0.946020567964592,1.07581620170489,1,1,1,1,1,1,1.16572353543822,1.09001626861436,1.17480948905146,1.25678100899481,1.09313264339497,1.07581620170489,2,1,1,2,1,1,1,1,1,1,1,1,1
530,481,394,517,460,421,41,98,115,112,92,99,0.0773584905660377,0.203742203742204,0.291878172588832,0.216634429400387,0.2,0.235154394299287,0.791567826265075,0.951251337403845,0.990306601990815,0.945330446287217,1.02206265184303,0.938889791793721,0.791567826265075,0.951251337403845,0.990306601990815,0.945330446287217,1.02206265184303,0.938889791793721,0.791567826265075,0.951251337403845,0.990306601990815,0.945330446287217,1.02206265184303,0.938889791793721,0.791567826265075,0.951251337403845,0.990306601990815,0.945330446287217,1.02206265184303,0.938889791793721,1,1,1,1,1,1,0.791567826265075,1.08419353213672,1.08699695236982,1.14402413525223,1.21419490056108,1.17544497167334,2,1,1,2,1,1,1,1,1,1,1,1,1
426,362,294,485,413,415,0,0,80,0,0,0,0,0,0.272108843537415,0,0,0,0,0,0.975980650162966,0,0,0,0,0,0.975980650162966,0,0,0,0,0,0.975980650162966,0,0,0,0,0,0.975980650162966,0,0,0,1,1,1,1,1,1,0,0,0.975980650162966,0,0,0,2,1,1,2,1,1,2,1,1,1,1,1,6
53,67,68,98,45,67,0,18,0,0,10,0,0,0.26865671641791,0,0,0.222222222222222,0,0,1.34257677851696,0,0,1.11891339720388,0,0,1.34257677851696,0,0,1.11891339720388,0,0,1.34257677851696,0,0,1.11891339720388,0,0,1.34257677851696,0,0,1.11891339720388,0,1,1,1,1,1,1,0,1.34257677851696,0,0,1.31759304759791,0,2,1,1,2,1,1,2,1,1,1,1,1,11
397,481,385,575,381,451,23,66,61,77,45,67,0.0579345088161209,0.137214137214137,0.158441558441558,0.133913043478261,0.118110236220472,0.148558758314856,0.729305495213431,0.944505438149219,0.938331543829027,0.995355710636778,0.861422184693501,0.972409674724897,0.729305495213431,0.944505438149219,0.938331543829027,0.995355710636778,0.861422184693501,0.972409674724897,0.729305495213431,0.944505438149219,0.938331543829027,0.995355710636778,0.861422184693501,0.972409674724897,0.729305495213431,0.944505438149219,0.938331543829027,0.995355710636778,0.861422184693501,0.972409674724897,1,1,1,1,1,1,0.729305495213431,0.944505438149219,0.938331543829027,0.995355710636778,0.861422184693501,0.972409674724897,5,3,3,5,3,3,1,1,1,1,1,1,1
242,308,312,363,282,291,24,32,43,64,24,42,0.0991735537190083,0.103896103896104,0.137820512820513,0.176308539944904,0.0851063829787234,0.144329896907216,1.24844102737937,0.715162716646634,0.816208423081628,1.19005423944202,0.620712723155033,0.944729140823666,1.24844102737937,0.715162716646634,0.816208423081628,1.19005423944202,0.620712723155033,0.944729140823666,1.24844102737937,0.715162716646634,0.816208423081628,1.19005423944202,0.620712723155033,0.944729140823666,1.24844102737937,0.715162716646634,0.816208423081628,1.19005423944202,0.620712723155033,0.944729140823666,1,1,1,1,1,1,1.24844102737937,0.715162716646634,0.816208423081628,1.31047512258715,0.620712723155033,0.944729140823666,5,3,3,5,3,3,1,1,1,1,1,1,1
515,611,602,769,498,664,0,27,0,0,0,0,0,0.044189852700491,0,0,0,0,0,0.304178250390416,0,0,0,0,0,0.304178250390416,0,0,0,0,0,0.304178250390416,0,0,0,0,0,0.304178250390416,0,0,0,0,1,1,1,1,1,1,0,0.304178250390416,0,0,0,0,5,3,3,5,3,3,1,1,1,1,1,1,10
1143,1278,1240,1580,1212,1389,420,563,717,988,468,681,0.36745406824147,0.440532081377152,0.578225806451613,0.625316455696203,0.386138613861386,0.490280777537797,0.962579892091783,0.976892068478833,0.974033666706129,0.97117387133155,0.989791929206122,0.947344948011847,0.962579892091783,0.976892068478833,0.974033666706129,0.97117387133155,0.989791929206122,0.947344948011847,0.962579892091783,0.976892068478833,0.974033666706129,0.97117387133155,0.989791929206122,0.947344948011847,0.962579892091783,0.976892068478833,0.974033666706129,0.97117387133155,0.989791929206122,0.947344948011847,1,1,1,1,1,1,4.81289946045892,3.19805805940433,3.58356865116854,4.71740534065595,2.96937578761837,3.35335619164621,5,3,4,5,3,4,1,1,1,1,1,1,1
1043,1258,1254,1583,1183,1342,464,592,759,996,449,678,0.444870565675935,0.470588235294118,0.605263157894737,0.629185091598231,0.379543533389687,0.50521609538003,1.10701248520478,1.04354242065903,1.01875641929548,0.977182218099848,0.972886711263594,0.976203713341883,1.10701248520478,1.04354242065903,1.01875641929548,0.977182218099848,0.972886711263594,0.976203713341883,1.10701248520478,1.04354242065903,1.01875641929548,0.977182218099848,0.972886711263594,0.976203713341883,1.10701248520478,1.04354242065903,1.01875641929548,0.977182218099848,0.972886711263594,0.976203713341883,1,1,1,1,1,1,5.82689781001075,3.41625176045867,3.74810819394956,4.74659044125428,2.91866013379078,3.4555087598378,5,3,4,5,3,4,1,1,1,1,1,1,1
662,712,739,840,617,749,76,103,102,129,86,117,0.114803625377644,0.144662921348315,0.138024357239513,0.153571428571429,0.139384116693679,0.156208277703605,1.06765919818192,1.03043118968295,0.861248213450149,1.13851615437675,1.05011325468835,1.05724136890176,1.06765919818192,1.03043118968295,0.861248213450149,1.13851615437675,1.05011325468835,1.05724136890176,1.06765919818192,1.03043118968295,0.861248213450149,1.13851615437675,1.05011325468835,1.05724136890176,1.06765919818192,1.03043118968295,0.861248213450149,1.13851615437675,1.05011325468835,1.05724136890176,1,1,1,1,1,1,1.51265799605102,1.06707554114457,0.861248213450149,1.15050464573807,1.05011325468835,1.05724136890176,5,3,4,5,3,3,1,1,1,1,1,1,1
81,94,116,112,67,85,36,42,54,64,19,54,0.444444444444444,0.446808510638298,0.46551724137931,0.571428571428571,0.283582089552239,0.635294117647059,1.09032990104301,0.980839368314266,0.976662320877225,1.08978293213243,0.860612009988493,1.21582119604483,1.09032990104301,0.980839368314266,0.976662320877225,1.08978293213243,0.860612009988493,1.21582119604483,1.09032990104301,0.980839368314266,0.976662320877225,1.08978293213243,0.860612009988493,1.21582119604483,1.09032990104301,0.980839368314266,0.976662320877225,1.08978293213243,0.860612009988493,1.21582119604483,1,1,1,1,1,1,5.91762437917495,3.27242176555217,2.92998696263168,4.45738154725638,2.38430125493396,4.50193638311042,5,3,4,5,4,4,1,1,1,1,1,1,1
361,417,418,524,404,422,0,0,78,0,0,0,0,0,0.186602870813397,0,0,0,0,0,1.12729170466809,0,0,0,0,0,1.12729170466809,0,0,0,0,0,1.12729170466809,0,0,0,0,0,1.12729170466809,0,0,0,1,1,1,1,1,1,0,0,1.17448706529733,0,0,0,5,3,4,5,4,4,1,1,1,1,1,1,6
1523,1232,1289,1560,1343,1314,648,571,777,996,606,687,0.425476034143139,0.463474025974026,0.602792862684251,0.638461538461538,0.451228592702904,0.522831050228311,1.04379579495779,1.01742370622487,1.01351657541995,0.996053338059983,1.00619753780148,1.00059020721345,1.04379579495779,1.01742370622487,1.01351657541995,0.996053338059983,1.00619753780148,1.00059020721345,1.04379579495779,1.01742370622487,1.01351657541995,0.996053338059983,1.00619753780148,1.00059020721345,1.04379579495779,1.01742370622487,1.01351657541995,0.996053338059983,1.00619753780148,1.00059020721345,1,1,1,1,1,1,5.66506654290025,3.39447985938944,3.7940060471212,4.98026669029992,3.79383938365907,3.70498020028938,5,3,4,5,4,4,1,1,1,1,1,1,1
1626,1781,1807,2075,1732,1634,593,724,1047,1301,710,825,0.36469864698647,0.406513194834363,0.579413392363033,0.626987951807229,0.409930715935335,0.504895960832313,0.972363340876131,0.992990617426515,0.974207084279698,0.978153584358165,1.14887170999158,0.966266165427303,0.972363340876131,0.992990617426515,0.974207084279698,0.978153584358165,1.14887170999158,0.966266165427303,0.972363340876131,0.992990617426515,0.974207084279698,0.978153584358165,1.14887170999158,0.966266165427303,0.972363340876131,0.992990617426515,0.974207084279698,0.978153584358165,1.14887170999158,0.966266165427303,1,1,1,1,1,1,4.86181670438065,2.97897185227954,3.64685458387692,4.89076792179083,3.44661512997473,3.57788531739447,5,3,4,5,4,4,1,1,1,1,1,1,1
172,148,171,227,145,147,11,0,0,43,0,0,0.063953488372093,0,0,0.18942731277533,0,0,0.780218744926526,0,0,0.989764411803763,0,0,0.780218744926526,0,0,0.989764411803763,0,0,0.780218744926526,0,0,0.989764411803763,0,0,0.780218744926526,0,0,0.989764411803763,0,0,1,1,1,1,1,1,0.780218744926526,0,0,1.32950133185941,0,0,5,3,4,5,3,4,0,0,0,0,0,0,14
364,398,422,544,398,436,0,0,0,0,0,16,0,0,0,0,0,0.036697247706422,0,0,0,0,0,0.227055848076268,0,0,0,0,0,0.227055848076268,0,0,0,0,0,0.227055848076268,0,0,0,0,0,0.227055848076268,1,1,1,1,1,1,0,0,0,0,0,0.227055848076268,5,3,4,5,3,4,0,0,0,0,0,0,4
69,74,68,108,63,68,4,12,5,13,3,10,0.0579710144927536,0.162162162162162,0.0735294117647059,0.12037037037037,0.0476190476190476,0.147058823529412,0.707233855743676,1.01796615669297,0.389290470065261,0.844823090076901,0.341416353244445,0.90989292059975,0.707233855743676,1.01796615669297,0.389290470065261,0.844823090076901,0.341416353244445,0.90989292059975,0.707233855743676,1.01796615669297,0.389290470065261,0.844823090076901,0.341416353244445,0.90989292059975,0.707233855743676,1.01796615669297,0.389290470065261,0.844823090076901,0.341416353244445,0.90989292059975,1,1,1,1,1,1,0.707233855743676,1.01796615669297,0.389290470065261,0.844823090076901,0.341416353244445,0.90989292059975,5,3,4,5,3,4,0,0,0,0,0,0,12
131,82,110,118,69,94,18,17,39,23,20,22,0.137404580152672,0.207317073170732,0.354545454545455,0.194915254237288,0.289855072463768,0.234042553191489,1.13984779192925,1.01876088832626,1.05726710863094,1.01843910012366,1.03909324900483,0.85224308461635,1.13984779192925,1.01876088832626,1.05726710863094,1.01843910012366,1.03909324900483,0.85224308461635,1.13984779192925,1.01876088832626,1.05726710863094,1.01843910012366,1.03909324900483,0.85224308461635,1.13984779192925,1.01876088832626,1.05726710863094,1.01843910012366,1.03909324900483,0.85224308461635,1,1,1,1,1,1,1.67630620006421,1.30142421252008,1.87708786656922,1.36801861522231,2.07818649800967,1.44808490342258,5,3,4,5,3,4,0,0,0,0,0,0,1
509,588,595,801,613,635,0,0,1,0,0,18,0,0,0.00168067226890756,0,0,0.0283464566929134,0,0,0,0,0,0.175387233828991,0,0,0,0,0,0.175387233828991,0,0,0,0,0,0.175387233828991,0,0,0,0,0,0.175387233828991,1,1,1,1,1,1,0,0,0.00892807823421173,0,0,0.175387233828991,5,3,4,5,3,4,0,0,0,0,0,0,8
1185,1273,1239,1665,1283,1463,0,214,170,0,155,149,0,0.168106834249804,0.137207425343019,0,0.120810600155885,0.101845522898154,0,1.09839173137794,0.803126232686232,0,0.877848913528226,0.67318526939608,0,1.09839173137794,0.803126232686232,0,0.877848913528226,0.67318526939608,0,1.09839173137794,0.803126232686232,0,0.877848913528226,0.67318526939608,0,1.09839173137794,0.803126232686232,0,0.877848913528226,0.67318526939608,1,1,1,1,1,1,0,1.09839173137794,0.803126232686232,0,0.877848913528226,0.67318526939608,6,4,4,5,4,4,0,0,0,0,0,0,7
313,334,354,439,305,317,120,178,249,323,138,189,0.383386581469649,0.532934131736527,0.703389830508475,0.735763097949886,0.452459016393443,0.596214511041009,0.906858403118676,1.0003605115528,0.987063660220128,0.998255582259985,0.960348775792183,0.983978209659855,0.906858403118676,1.0003605115528,0.987063660220128,0.998255582259985,0.960348775792183,0.983978209659855,0.906858403118676,1.0003605115528,0.987063660220128,0.998255582259985,0.960348775792183,0.983978209659855,0.906858403118676,1.0003605115528,0.987063660220128,0.998255582259985,0.960348775792183,0.983978209659855,1,1,1,1,1,1,4.46205956986147,3.42166991638845,3.94825464088051,4.99127791129993,3.2282777425726,3.76570838656895,5,3,4,5,3,4,0,0,0,0,0,0,1
77,110,98,116,74,99,45,60,65,87,39,62,0.584415584415584,0.545454545454545,0.663265306122449,0.75,0.527027027027027,0.626262626262626,1.38237019566305,1.02386234175271,0.930757102764739,0.99167137003825,1.11862012221387,1.0335689023919,1.38237019566305,1.02386234175271,0.930757102764739,0.99167137003825,1.11862012221387,1.0335689023919,1.38237019566305,1.02386234175271,0.930757102764739,0.99167137003825,1.11862012221387,1.0335689023919,1.38237019566305,1.02386234175271,0.930757102764739,0.99167137003825,1.11862012221387,1.0335689023919,1,1,1,1,1,1,6.80174340275961,3.50205644149257,3.72302841105895,5.08785836623994,3.76031764080504,3.95549316603208,5,3,4,5,3,4,0,0,0,0,0,0,1
277,414,421,497,406,458,37,148,160,134,98,129,0.133574007220217,0.357487922705314,0.380047505938242,0.269617706237425,0.241379310344828,0.281659388646288,0.809543729954418,0.948270415049714,1.01371700097222,0.914517801577669,0.861116064516804,0.973697565739198,0.809543729954418,0.948270415049714,1.01371700097222,0.914517801577669,0.861116064516804,0.973697565739198,0.809543729954418,0.948270415049714,1.01371700097222,0.914517801577669,0.861116064516804,0.973697565739198,0.809543729954418,0.948270415049714,1.01371700097222,0.914517801577669,0.861116064516804,0.973697565739198,1,1,1,1,1,1,1.5546062538678,2.29522861785423,2.13327555217995,1.82903560315534,1.72223212903361,1.7789689823706,5,3,4,5,3,4,0,0,0,0,0,0,1
166,238,217,264,194,196,78,133,156,186,95,119,0.469879518072289,0.558823529411765,0.71889400921659,0.704545454545455,0.489690721649485,0.607142857142857,1.11144784406322,1.04895700699175,1.0088206017063,0.95590066274811,1.03937344160236,1.00201409143178,1.11144784406322,1.04895700699175,1.0088206017063,0.95590066274811,1.03937344160236,1.00201409143178,1.11144784406322,1.04895700699175,1.0088206017063,0.95590066274811,1.03937344160236,1.00201409143178,1.11144784406322,1.04895700699175,1.0088206017063,0.95590066274811,1.03937344160236,1.00201409143178,1,1,1,1,1,1,5.46871096077299,3.58789115819582,4.03528240682519,4.77950331374055,3.49392453275964,3.83473214195391,5,3,4,5,3,4,0,0,0,0,0,0,1
422,455,474,468,438,430,183,218,362,343,201,239,0.433649289099526,0.479120879120879,0.763713080168776,0.732905982905983,0.458904109589041,0.555813953488372,1.00599033237903,1.00829642955043,1.04840461469537,1.00760650891601,0.971417561961795,0.906791612601923,1.00599033237903,1.00829642955043,1.04840461469537,1.00760650891601,0.971417561961795,0.906791612601923,1.00599033237903,1.00829642955043,1.04840461469537,1.00760650891601,0.971417561961795,0.906791612601923,1.00599033237903,1.00829642955043,1.04840461469537,1.00760650891601,0.971417561961795,0.906791612601923,1,1,1,1,1,1,5.10352727249073,3.0248892886513,4.25062631778532,5.03803254458006,3.26026580734326,3.51024668705032,5,3,4,5,3,4,0,0,0,0,0,0,1
814,567,600,680,578,565,3,82,91,0,96,77,0.00368550368550369,0.144620811287478,0.151666666666667,0,0.166089965397924,0.136283185840708,0,0.898439365446534,0.861174984938373,0,1.20817656384894,0.86597708205608,0,0.898439365446534,0.861174984938373,0,1.20817656384894,0.86597708205608,0,0.898439365446534,0.861174984938373,0,1.20817656384894,0.86597708205608,0,0.898439365446534,0.861174984938373,0,1.20817656384894,0.86597708205608,1,1,1,1,1,1,0.0430920521518496,0.898439365446534,0.861174984938373,0,1.20817656384894,0.86597708205608,5,3,4,5,4,4,0,0,0,0,0,0,7
477,634,555,624,653,672,47,118,130,140,102,136,0.0985324947589098,0.186119873817035,0.234234234234234,0.224358974358974,0.156202143950995,0.202380952380952,0.998287096857755,1.14784888040636,1.03059392707769,0.953531819734746,1.09316508087365,0.982415962027003,0.998287096857755,1.14784888040636,1.03059392707769,0.953531819734746,1.09316508087365,0.982415962027003,0.998287096857755,1.14784888040636,1.03059392707769,0.953531819734746,1.09316508087365,0.982415962027003,0.998287096857755,1.14784888040636,1.03059392707769,0.953531819734746,1.09316508087365,0.982415962027003,1,1,1,1,1,1,0.998287096857755,1.14784888040636,1.03059392707769,0.953531819734746,1.09316508087365,0.982415962027003,2,2,2,2,2,2,0,0,0,0,0,0,1
437,382,349,346,469,397,110,151,213,199,150,181,0.251716247139588,0.395287958115183,0.610315186246418,0.57514450867052,0.319829424307036,0.455919395465995,1.0315017232693,1.02779990364058,1.04906982275768,1.01387737170764,0.956069336970768,1.02417780950805,1.0315017232693,1.02779990364058,1.04906982275768,1.01387737170764,0.956069336970768,1.02417780950805,1.0315017232693,1.02779990364058,1.04906982275768,1.01387737170764,0.956069336970768,1.02417780950805,1.0315017232693,1.02779990364058,1.04906982275768,1.01387737170764,0.956069336970768,1.02417780950805,1,1,1,1,1,1,2.27133738903688,2.05559980728116,2.21516802950203,2.21441456924671,1.91213867394154,2.01235095498707,2,2,2,2,2,2,0,0,0,0,0,0,1
482,579,426,442,475,460,0,20,0,0,0,0,0,0.0345423143350604,0,0,0,0,0,0.17840898832092,0,0,0,0,0,0.17840898832092,0,0,0,0,0,0.17840898832092,0,0,0,0,0,0.17840898832092,0,0,0,0,1,1,1,1,1,1,0,0.17840898832092,0,0,0,0,2,2,2,2,2,2,0,0,0,0,0,0,10
561,626,492,652,606,729,1,0,0,0,36,0,0.0017825311942959,0,0,0,0.0594059405940594,0,0,0,0,0,0.348269251854459,0,0,0,0,0,0.348269251854459,0,0,0,0,0,0.348269251854459,0,0,0,0,0,0.348269251854459,0,1,1,1,1,1,1,0.0161504553331718,0,0,0,0.348269251854459,0,1,2,2,2,2,3,1,0,0,1,0,0,13
332,365,291,385,387,434,1,105,77,56,51,65,0.00301204819277108,0.287671232876712,0.264604810996564,0.145454545454545,0.131782945736434,0.149769585253456,0,1.19054329070264,0.977897226852065,0.649650831664382,0.772581789966545,0.832269276111927,0,1.19054329070264,0.977897226852065,0.649650831664382,0.772581789966545,0.832269276111927,0,1.19054329070264,0.977897226852065,0.649650831664382,0.772581789966545,0.832269276111927,0,1.19054329070264,0.977897226852065,0.649650831664382,0.772581789966545,0.832269276111927,1,1,1,1,1,1,0.0272903778370765,1.51731379107784,0.977897226852065,0.649650831664382,0.772581789966545,0.832269276111927,1,2,2,2,2,3,1,0,0,1,0,0,16
505,525,479,513,574,646,52,213,266,226,192,348,0.102970297029703,0.405714285714286,0.555323590814196,0.440545808966862,0.334494773519164,0.538699690402477,0.937077841178448,0.940040235441518,1.01466211199197,0.994079397935738,0.992148285586276,0.991141673150776,0.937077841178448,0.940040235441518,1.01466211199197,0.994079397935738,0.992148285586276,0.991141673150776,0.937077841178448,0.940040235441518,1.01466211199197,0.994079397935738,0.992148285586276,0.991141673150776,0.937077841178448,0.940040235441518,1.01466211199197,0.994079397935738,0.992148285586276,0.991141673150776,1,1,1,1,1,1,0.937077841178448,2.141320777287,2.02932422398395,1.935589714881,1.98429657117255,2.97342501945233,1,2,2,2,2,3,1,0,0,1,0,0,1
1189,1499,1116,1463,1452,1365,155,661,668,638,531,604,0.130361648444071,0.440960640426951,0.598566308243728,0.43609022556391,0.365702479338843,0.442490842490842,1.08058142871434,1.01519221044403,1.03875609175861,0.961110620528691,1.00735192759756,1.0094745355599,1.08058142871434,1.01519221044403,1.03875609175861,0.961110620528691,1.00735192759756,1.0094745355599,1.08058142871434,1.01519221044403,1.03875609175861,0.961110620528691,1.00735192759756,1.0094745355599,1.08058142871434,1.01519221044403,1.03875609175861,0.961110620528691,1.00735192759756,1.0094745355599,1,1,1,1,1,1,1.13151983538025,2.33874188035605,2.1908357574191,1.90751486011497,2.14000562198509,1.92731016578652,1,2,2,2,2,2,1,0,0,1,0,0,1
833,705,729,747,877,699,4,249,0,0,160,0,0.00480192076830732,0.353191489361702,0,0,0.182440136830103,0,0,0.936618432833099,0,0,0.949492360468635,0,0,0.936618432833099,0,0,0.949492360468635,0,0,0.936618432833099,0,0,0.949492360468635,0,0,0.936618432833099,0,0,0.949492360468635,0,1,1,1,1,1,1,0.0417300584450098,1.8732368656662,0,0,1.06759713305198,0,1,2,2,2,2,2,1,0,0,1,0,0,11
292,392,290,383,342,293,28,185,175,176,132,140,0.0958904109589041,0.471938775510204,0.603448275862069,0.459530026109661,0.385964912280702,0.477815699658703,0.832314590355265,1.08651095989104,1.04722829197014,1.01542143912871,1.06316615373762,1.09006274295085,0.832314590355265,1.08651095989104,1.04722829197014,1.01542143912871,1.06316615373762,1.09006274295085,0.832314590355265,1.08651095989104,1.04722829197014,1.01542143912871,1.06316615373762,1.09006274295085,0.832314590355265,1.08651095989104,1.04722829197014,1.01542143912871,1.06316615373762,1.09006274295085,1,1,1,1,1,1,0.832314590355265,2.5030419453786,2.20870443642345,2.01530546333143,2.25857665406852,2.08117087834123,1,2,2,2,2,2,1,0,0,1,0,0,1
682,693,625,676,667,697,63,67,180,181,119,133,0.092375366568915,0.0966810966810967,0.288,0.267751479289941,0.178410794602699,0.190817790530846,0.809499829394213,0.496373399910393,1.02292100834848,1.14061739609755,0.97122667749738,0.814653828726223,0.809499829394213,0.496373399910393,1.02292100834848,1.14061739609755,0.97122667749738,0.814653828726223,0.809499829394213,0.496373399910393,1.02292100834848,1.14061739609755,0.97122667749738,0.814653828726223,0.809499829394213,0.496373399910393,1.02292100834848,1.14061739609755,0.97122667749738,0.814653828726223,1,1,1,1,1,1,0.809499829394213,0.496373399910393,1.02292100834848,1.14061739609755,1.033467275981,0.814653828726223,1,2,2,2,2,2,1,0,0,1,0,0,17
756,847,673,822,874,798,83,358,363,365,306,335,0.10978835978836,0.422668240850059,0.539375928677563,0.444038929440389,0.350114416475973,0.419799498746867,0.962092620783758,1.01682334139221,0.976864666220002,1.01092636641202,1.01404119936482,0.982139899128674,0.962092620783758,1.01682334139221,0.976864666220002,1.01092636641202,1.01404119936482,0.982139899128674,0.962092620783758,1.01682334139221,0.976864666220002,1.01092636641202,1.01404119936482,0.982139899128674,0.962092620783758,1.01682334139221,0.976864666220002,1.01092636641202,1.01404119936482,0.982139899128674,1,1,1,1,1,1,0.962092620783758,2.17003404954042,1.9157603084783,1.89159936224214,2.02808239872964,1.79223995833973,1,2,2,2,2,2,1,0,0,1,0,0,1
889,976,744,903,915,909,0,1,0,41,0,0,0,0.00102459016393443,0,0.0454042081949059,0,0,0,0,0,0.193421264601358,0,0,0,0,0,0.193421264601358,0,0,0,0,0,0.193421264601358,0,0,0,0,0,0.193421264601358,0,0,1,1,1,1,1,1,0,0.00526037995684338,0,0.193421264601358,0,0,1,2,2,2,2,2,1,0,0,1,0,0,2
1046,1100,919,1043,992,974,81,442,492,431,307,400,0.0774378585086042,0.401818181818182,0.535364526659412,0.413231064237776,0.309475806451613,0.410677618069815,0.6786001028164,1.03149355924663,0.971714330236345,0.940787283639611,0.896339034271458,0.960798847043651,0.6786001028164,1.03149355924663,0.971714330236345,0.940787283639611,0.896339034271458,0.960798847043651,0.6786001028164,1.03149355924663,0.971714330236345,0.940787283639611,0.896339034271458,0.960798847043651,0.6786001028164,1.03149355924663,0.971714330236345,0.940787283639611,0.896339034271458,0.960798847043651,1,1,1,1,1,1,0.6786001028164,2.06298711849325,1.90565982107814,1.76035830587182,1.79267806854292,1.7532961313618,1,2,2,2,2,2,1,0,0,1,0,0,1
264,269,265,267,274,253,26,50,61,66,49,39,0.0984848484848485,0.185873605947955,0.230188679245283,0.247191011235955,0.178832116788321,0.154150197628458,0.887749714129895,0.948220794884217,0.837926977450241,0.983043138941843,0.989080777851313,0.706511011396401,0.887749714129895,0.948220794884217,0.837926977450241,0.983043138941843,0.989080777851313,0.706511011396401,0.887749714129895,0.948220794884217,0.837926977450241,0.983043138941843,0.989080777851313,0.706511011396401,0.887749714129895,0.948220794884217,0.837926977450241,0.983043138941843,0.989080777851313,0.706511011396401,1,1,1,1,1,1,0.887749714129895,0.948220794884217,0.837926977450241,0.983043138941843,1.04767824836623,0.706511011396401,1,1,1,1,1,1,1,1,1,1,1,1,1
400,405,332,384,422,440,49,82,99,103,63,103,0.1225,0.202469135802469,0.298192771084337,0.268229166666667,0.149289099526066,0.234090909090909,0.972173242464029,0.989933928982709,1.01723869236246,1.06670886063919,0.874602085467547,1.00078483616231,0.972173242464029,0.989933928982709,1.01723869236246,1.06670886063919,0.874602085467547,1.00078483616231,0.972173242464029,0.989933928982709,1.01723869236246,1.06670886063919,0.874602085467547,1.00078483616231,0.972173242464029,0.989933928982709,1.01723869236246,1.06670886063919,0.874602085467547,1.00078483616231,1,1,1,1,1,1,1.10422406749849,1.03288169350894,1.08547374350223,1.06670886063919,0.874602085467547,1.07290037563979,1,1,1,1,1,1,1,1,1,1,1,1,1
465,489,363,418,527,461,0,0,0,0,0,23,0,0,0,0,0,0.0498915401301518,0,0,0,0,0,0.228666086841073,0,0,0,0,0,0.228666086841073,0,0,0,0,0,0.228666086841073,0,0,0,0,0,0.228666086841073,1,1,1,1,1,1,0,0,0,0,0,0.228666086841073,1,1,1,1,1,1,1,1,1,1,1,1,4
108,103,87,96,103,97,16,23,19,18,22,27,0.148148148148148,0.223300970873786,0.218390804597701,0.1875,0.213592233009709,0.278350515463918,1.12923067841578,1.07666074649341,0.79498065412888,0.74566056277691,1.15337863140456,1.19000338841039,1.12923067841578,1.07666074649341,0.79498065412888,0.74566056277691,1.15337863140456,1.19000338841039,1.12923067841578,1.07666074649341,0.79498065412888,0.74566056277691,1.15337863140456,1.19000338841039,1.12923067841578,1.07666074649341,0.79498065412888,0.74566056277691,1.15337863140456,1.19000338841039,1,1,1,1,1,1,1.33541837339198,1.13915379765993,0.79498065412888,0.74566056277691,1.25131850230863,1.2757538247023,1,1,1,1,1,1,1,1,1,1,1,1,1
305,380,305,410,381,353,25,42,44,63,35,47,0.0819672131147541,0.110526315789474,0.144262295081967,0.153658536585366,0.0918635170603675,0.13314447592068,0.829596414592755,0.668689380835518,0.636589924308467,0.674537947283095,0.629974934027739,0.671132268442238,0.829596414592755,0.668689380835518,0.636589924308467,0.674537947283095,0.629974934027739,0.671132268442238,0.829596414592755,0.668689380835518,0.636589924308467,0.674537947283095,0.629974934027739,0.671132268442238,0.829596414592755,0.668689380835518,0.636589924308467,0.674537947283095,0.629974934027739,0.671132268442238,1,1,1,1,1,1,0.829596414592755,0.668689380835518,0.636589924308467,0.674537947283095,0.629974934027739,0.671132268442238,1,1,1,1,1,1,1,1,1,1,1,1,18
57,64,69,62,72,72,13,12,22,20,23,20,0.228070175438596,0.1875,0.318840579710145,0.32258064516129,0.319444444444444,0.277777777777778,1.73842091282429,0.956517726839454,1.08767551003007,1.09544087221226,1.72497094557917,1.18755482176757,1.73842091282429,0.956517726839454,1.08767551003007,1.09544087221226,1.72497094557917,1.18755482176757,1.73842091282429,0.956517726839454,1.08767551003007,1.09544087221226,1.72497094557917,1.18755482176757,1.73842091282429,0.956517726839454,1.08767551003007,1.09544087221226,1.72497094557917,1.18755482176757,1,1,1,1,1,1,2.05584144324818,0.956517726839454,1.1606353714742,1.28285688219683,1.87144793684921,1.27312881683255,1,1,1,1,1,1,1,1,1,1,1,1,1
360,478,373,409,481,396,41,105,123,119,90,94,0.113888888888889,0.219665271966527,0.329758713136729,0.290953545232274,0.187110187110187,0.237373737373737,0.967202300363049,0.935265054584691,1.06088041061725,0.986902595416515,0.997933397109316,0.968246990697985,0.967202300363049,0.935265054584691,1.06088041061725,0.986902595416515,0.997933397109316,0.968246990697985,0.967202300363049,0.935265054584691,1.06088041061725,0.986902595416515,0.997933397109316,0.968246990697985,0.967202300363049,0.935265054584691,1.06088041061725,0.986902595416515,0.997933397109316,0.968246990697985,1,1,1,1,1,1,1.03351346131812,1.16037917263511,1.21096999150786,1.21366896141505,1.11212999601142,1.10293067405517,1,1,1,1,1,1,1,1,1,1,1,1,1
541,487,502,446,531,446,70,99,130,144,92,112,0.129390018484288,0.203285420944559,0.258964143426295,0.322869955156951,0.173258003766478,0.251121076233184,1.04401879427005,1.00734764432741,0.930754636648294,1.12086095932092,0.973808086174757,1.09054570166308,1.04401879427005,1.00734764432741,0.930754636648294,1.12086095932092,0.973808086174757,1.09054570166308,1.04401879427005,1.00734764432741,0.930754636648294,1.12086095932092,0.973808086174757,1.09054570166308,1.04401879427005,1.00734764432741,0.930754636648294,1.12086095932092,0.973808086174757,1.09054570166308,1,1,1,1,1,1,1.12488986708202,1.00734764432741,0.930754636648294,1.24319629237338,0.973808086174757,1.11707317881265,1,1,1,1,1,1,1,1,1,1,1,1,1
326,371,300,343,393,360,39,75,97,96,56,77,0.119631901840491,0.202156334231806,0.323333333333333,0.279883381924198,0.142493638676845,0.213888888888889,0.965282758120237,1.00175263985022,1.09624479684615,0.97532095089648,0.800894934464337,0.951451565148416,0.965282758120237,1.00175263985022,1.09624479684615,0.97532095089648,0.800894934464337,0.951451565148416,0.965282758120237,1.00175263985022,1.09624479684615,0.97532095089648,0.800894934464337,0.951451565148416,0.965282758120237,1.00175263985022,1.09624479684615,0.97532095089648,0.800894934464337,0.951451565148416,1,1,1,1,1,1,1.0400548337232,1.00175263985022,1.16210682761415,1.07767841865603,0.800894934464337,0.951451565148416,1,1,1,1,1,1,1,1,1,1,1,1,1
508,514,396,478,540,451,49,106,121,102,88,96,0.0964566929133858,0.206225680933852,0.305555555555556,0.213389121338912,0.162962962962963,0.212860310421286,0.862617003074662,1.00585393953182,1.02640134590848,0.835145503526726,0.951784990819933,0.960299396018909,0.862617003074662,1.00585393953182,1.02640134590848,0.835145503526726,0.951784990819933,0.960299396018909,0.862617003074662,1.00585393953182,1.02640134590848,0.835145503526726,0.951784990819933,0.960299396018909,0.862617003074662,1.00585393953182,1.02640134590848,0.835145503526726,0.951784990819933,0.960299396018909,1,1,1,1,1,1,0.862617003074662,1.05474394779027,1.1206289422515,0.835145503526726,0.951784990819933,0.960299396018909,1,1,1,1,1,1,1,1,1,1,1,1,1
551,717,579,647,673,644,55,1,7,128,1,0,0.0998185117967332,0.00139470013947001,0.0120898100172712,0.197836166924266,0.00148588410104012,0,0.892681916586024,0,0.0443395342200312,0.774275577897675,0,0,0.892681916586024,0,0.0443395342200312,0.774275577897675,0,0,0.892681916586024,0,0.0443395342200312,0.774275577897675,0,0,0.892681916586024,0,0.0443395342200312,0.774275577897675,0,0,1,1,1,1,1,1,0.892681916586024,0.00713321214131469,0.0443395342200312,0.774275577897675,0.00867830431991699,0,1,1,1,1,1,1,1,1,1,1,1,1,21
1206,1282,1133,1135,1371,1272,171,246,302,301,237,298,0.141791044776119,0.19188767550702,0.266548984995587,0.265198237885463,0.172866520787746,0.234276729559748,1.08100001692155,0.981412031130552,0.97843542082865,1.03791193535819,1.00962670848365,1.01024432286599,1.08100001692155,0.981412031130552,0.97843542082865,1.03791193535819,1.00962670848365,1.01024432286599,1.08100001692155,0.981412031130552,0.97843542082865,1.03791193535819,1.00962670848365,1.01024432286599,1.08100001692155,0.981412031130552,0.97843542082865,1.03791193535819,1.00962670848365,1.01024432286599,1,1,1,1,1,1,1.26804436699309,0.981412031130552,0.97843542082865,1.03791193535819,1.00962670848365,1.05691756933102,1,1,1,1,1,1,1,1,1,1,1,1,1
202,241,205,243,211,261,14,44,63,58,35,47,0.0693069306930693,0.182572614107884,0.307317073170732,0.238683127572016,0.165876777251185,0.18007662835249,0.596643840449778,0.925189543861926,1.04796808641919,0.902934648963733,0.97152359802725,0.805375582047318,0.596643840449778,0.925189543861926,1.04796808641919,0.902934648963733,0.97152359802725,0.805375582047318,0.596643840449778,0.925189543861926,1.04796808641919,0.902934648963733,0.97152359802725,0.805375582047318,0.596643840449778,0.925189543861926,1.04796808641919,0.902934648963733,0.97152359802725,0.805375582047318,1,1,1,1,1,1,0.596643840449778,0.925189543861926,1.12029895450105,0.902934648963733,0.97152359802725,0.805375582047318,1,1,1,1,1,1,1,1,1,1,1,1,1
844,871,786,795,898,920,87,169,210,209,151,178,0.103080568720379,0.194029850746269,0.267175572519084,0.262893081761006,0.16815144766147,0.193478260869565,0.887391575157786,0.983249267611741,0.973966436271057,0.994520538211258,0.984846113800389,0.865313108019295,0.887391575157786,0.983249267611741,0.973966436271057,0.994520538211258,0.984846113800389,0.865313108019295,0.887391575157786,0.983249267611741,0.973966436271057,0.994520538211258,0.984846113800389,0.865313108019295,0.887391575157786,0.983249267611741,0.973966436271057,0.994520538211258,0.984846113800389,0.865313108019295,1,1,1,1,1,1,0.887391575157786,0.983249267611741,0.973966436271057,0.994520538211258,0.984846113800389,0.865313108019295,1,1,1,1,1,1,1,1,1,1,1,1,1
95,92,99,118,109,94,12,15,34,42,28,20,0.126315789473684,0.16304347826087,0.343434343434343,0.35593220338983,0.256880733944954,0.212765957446809,1.08741704454907,0.826225346111873,1.17112996029208,1.25213665290701,1.39893088424439,0.95157549531168,1.08741704454907,0.826225346111873,1.17112996029208,1.25213665290701,1.39893088424439,0.95157549531168,1.08741704454907,0.826225346111873,1.17112996029208,1.25213665290701,1.39893088424439,0.95157549531168,1.08741704454907,0.826225346111873,1.17112996029208,1.25213665290701,1.39893088424439,0.95157549531168,1,1,1,1,1,1,1.08741704454907,0.826225346111873,1.25196147392534,1.3464861232209,1.50452461786238,0.95157549531168,1,1,1,1,1,1,1,1,1,1,1,1,1
234,318,230,251,296,226,0,38,0,0,1,0,0,0.119496855345912,0,0,0.00337837837837838,0,0,0.732441077032221,0,0,0,0,0,0.732441077032221,0,0,0,0,0,0.732441077032221,0,0,0,0,0,0.732441077032221,0,0,0,0,1,1,1,1,1,1,0,0.732441077032221,0,0,0.0233399942227062,0,1,1,1,1,1,1,1,1,1,1,1,1,15
1106,1103,931,885,1101,1011,138,224,251,218,189,213,0.124773960216998,0.203082502266546,0.269602577873255,0.246327683615819,0.171662125340599,0.210682492581602,1.01009396073259,0.982695644431587,0.989607106278385,0.957193718929524,1.01313927060449,0.950778864174555,1.01009396073259,0.982695644431587,0.989607106278385,0.957193718929524,1.01313927060449,0.950778864174555,1.01009396073259,0.982695644431587,0.989607106278385,0.957193718929524,1.01313927060449,0.950778864174555,1.01009396073259,0.982695644431587,0.989607106278385,0.957193718929524,1.01313927060449,0.950778864174555,1,1,1,1,1,1,1.10694151153393,1.04959496870906,0.989607106278385,0.957193718929524,1.01313927060449,0.950778864174555,1,1,1,1,1,1,1,1,1,1,1,1,1
572,641,551,621,621,602,63,139,142,174,102,126,0.11013986013986,0.216848673946958,0.257713248638838,0.280193236714976,0.164251207729469,0.209302325581395,0.969236909280368,1.03838915857798,0.937563034973979,0.972010357193496,0.969973329932473,0.951729580895079,0.969236909280368,1.03838915857798,0.937563034973979,0.972010357193496,0.969973329932473,0.951729580895079,0.969236909280368,1.03838915857798,0.937563034973979,0.972010357193496,0.969973329932473,0.951729580895079,0.969236909280368,1.03838915857798,0.937563034973979,0.972010357193496,0.969973329932473,0.951729580895079,1,1,1,1,1,1,0.969236909280368,1.10802580547403,0.937563034973979,1.10984658952261,0.969973329932473,0.951729580895079,1,1,1,1,1,1,1,1,1,1,1,1,1
1512,1290,1106,1113,1319,1170,173,277,285,319,256,267,0.114417989417989,0.214728682170543,0.257685352622061,0.286612758310872,0.194086429112964,0.228205128205128,0.995581880274873,1.02823748719888,0.937461549022864,0.99267904103918,1.02671245319213,1.00533302067212,0.995581880274873,1.02823748719888,0.937461549022864,0.99267904103918,1.02671245319213,1.00533302067212,0.995581880274873,1.02823748719888,0.937461549022864,0.99267904103918,1.02671245319213,1.00533302067212,0.995581880274873,1.02823748719888,0.937461549022864,0.99267904103918,1.02671245319213,1.00533302067212,1,1,1,1,1,1,1.006884685424,1.09719334082066,0.937461549022864,1.13344620253732,1.14703264080562,1.03768350600726,1,1,1,1,1,1,1,1,1,1,1,1,1
101,138,105,130,102,117,9,32,26,43,26,23,0.0891089108910891,0.231884057971014,0.247619047619048,0.330769230769231,0.254901960784314,0.196581196581197,0.784163383463042,1.11038673864829,0.900840244066883,1.11187125055219,1.34740281655897,0.893884668096137,0.784163383463042,1.11038673864829,0.900840244066883,1.11187125055219,1.34740281655897,0.893884668096137,0.784163383463042,1.11038673864829,0.900840244066883,1.11187125055219,1.34740281655897,0.893884668096137,0.784163383463042,1.11038673864829,0.900840244066883,1.11187125055219,1.34740281655897,0.893884668096137,1,1,1,1,1,1,0.784163383463042,1.18485170065079,0.900840244066883,1.3080685268202,1.5053046314004,0.893884668096137,1,1,1,1,1,1,1,1,1,1,1,1,1
452,292,270,281,304,306,50,58,84,71,60,78,0.110619469026549,0.198630136986301,0.311111111111111,0.252669039145907,0.197368421052632,0.254901960784314,0.973457494220345,1.0149350398126,1.05546272341214,0.999211495700606,1.04328254521014,1.08271512534648,0.973457494220345,1.0149350398126,1.05546272341214,0.999211495700606,1.04328254521014,1.08271512534648,0.973457494220345,1.0149350398126,1.05546272341214,0.999211495700606,1.04328254521014,1.08271512534648,0.973457494220345,1.0149350398126,1.05546272341214,0.999211495700606,1.04328254521014,1.08271512534648,1,1,1,1,1,1,0.973457494220345,1.0149350398126,1.13182492203275,0.999211495700606,1.16554457795678,1.15907807346481,1,1,1,1,1,1,1,1,1,1,1,1,1
249,288,211,221,268,286,34,91,59,67,55,64,0.136546184738956,0.315972222222222,0.279620853080569,0.30316742081448,0.205223880597015,0.223776223776224,1.05020659685837,1.43170583221824,1.02413064184836,1.04974931326967,1.06845110916564,0.990519068702135,1.05020659685837,1.43170583221824,1.02413064184836,1.04974931326967,1.06845110916564,0.990519068702135,1.05020659685837,1.43170583221824,1.02413064184836,1.04974931326967,1.06845110916564,0.990519068702135,1.05020659685837,1.43170583221824,1.02413064184836,1.04974931326967,1.06845110916564,0.990519068702135,1,1,1,1,1,1,1.2295044691076,1.68387679771123,1.02413064184836,1.16996105341628,1.2142678733792,1.0284891883572,1,1,1,1,1,1,1,1,1,1,1,1,1
459,466,420,403,491,437,46,89,117,109,78,85,0.100217864923747,0.190987124463519,0.278571428571429,0.270471464019851,0.158859470468432,0.194508009153318,0.886259869179651,1.0165350988999,0.985388121684087,1.00236033895554,0.938092272969747,0.843895359063824,0.886259869179651,1.0165350988999,0.985388121684087,1.00236033895554,0.938092272969747,0.843895359063824,0.886259869179651,1.0165350988999,0.985388121684087,1.00236033895554,0.938092272969747,0.843895359063824,0.886259869179651,1.0165350988999,0.985388121684087,1.00236033895554,0.938092272969747,0.843895359063824,1,1,1,1,1,1,0.886259869179651,1.0165350988999,1.03782329056055,1.00236033895554,0.938092272969747,0.843895359063824,1,1,1,1,1,1,1,1,1,1,1,1,1
465,421,353,423,454,352,100,153,100,220,135,93,0.21505376344086,0.363420427553444,0.28328611898017,0.520094562647754,0.297356828193833,0.264204545454545,1.0295354769858,0.976042539985248,0.969676721885169,1.12451105807754,1.0082571886436,0.969416566348643,1.0295354769858,0.976042539985248,0.969676721885169,1.12451105807754,1.0082571886436,0.969416566348643,1.0295354769858,0.976042539985248,0.969676721885169,1.12451105807754,1.0082571886436,0.969416566348643,1.0295354769858,0.976042539985248,0.969676721885169,1.12451105807754,1.0082571886436,0.969416566348643,1,1,1,1,1,1,2.04028518157716,1.9520850799705,1.0716418499113,2.38297779554287,2.0165143772872,1.24197569575942,2,2,1,2,2,1,1,0,1,1,1,1,1
693,637,474,629,805,635,1,71,0,0,0,0,0.00144300144300144,0.111459968602826,0,0,0,0,0,0.598698711539981,0,0,0,0,0,0.598698711539981,0,0,0,0,0,0.598698711539981,0,0,0,0,0,0.598698711539981,0,0,0,0,1,1,1,1,1,1,0.0136607838997374,0.598698711539981,0,0,0,0,2,2,1,2,2,1,1,0,1,1,1,1,15
839,916,705,975,1057,921,77,44,198,191,159,196,0.0917759237187128,0.0480349344978166,0.280851063829787,0.195897435897436,0.15042573320719,0.212812160694897,0.881186628148015,1.29987851787178,0.979967610742249,0.910707055097445,0.976603215150816,0.99336887325491,0.881186628148015,1.29987851787178,0.979967610742249,0.910707055097445,0.976603215150816,0.99336887325491,0.881186628148015,1.29987851787178,0.979967610742249,0.910707055097445,0.976603215150816,0.99336887325491,0.881186628148015,1.29987851787178,0.979967610742249,0.910707055097445,0.976603215150816,0.99336887325491,1,1,1,1,1,1,0.881186628148015,0.245363812553487,0.979967610742249,0.910707055097445,0.976603215150816,0.99336887325491,2,2,1,2,2,1,1,0,1,1,1,1,1
843,1063,821,1122,1151,1049,0,0,0,53,1,0,0,0,0,0.0472370766488414,0.000868809730668983,0,0,0,0,0.226628178537134,0,0,0,0,0,0.226628178537134,0,0,0,0,0,0.226628178537134,0,0,0,0,0,0.226628178537134,0,0,1,1,1,1,1,1,0,0,0,0.226628178537134,0.0059177171132226,0,2,2,1,2,2,1,1,0,1,1,1,1,2
87,119,86,89,87,86,14,45,27,45,22,22,0.160919540229885,0.378151260504202,0.313953488372093,0.50561797752809,0.252873563218391,0.255813953488372,0.801307960289571,1.0293537344887,1.06071328429485,1.10318464269657,0.861197889316223,0.949949189317319,0.801307960289571,1.0293537344887,1.06071328429485,1.10318464269657,0.861197889316223,0.949949189317319,0.801307960289571,1.0293537344887,1.06071328429485,1.10318464269657,0.861197889316223,0.949949189317319,0.801307960289571,1.0293537344887,1.06071328429485,1.10318464269657,0.861197889316223,0.949949189317319,1,1,1,1,1,1,1.50037114649904,2.0587074689774,1.10813383142399,2.42579112451557,1.72239577863245,1.1999140205089,2,2,1,2,2,1,1,0,1,1,1,1,1
248,258,214,309,278,291,0,0,53,0,0,0,0,0,0.247663551401869,0,0,0,0,0,0.905180533118506,0,0,0,0,0,0.905180533118506,0,0,0,0,0,0.905180533118506,0,0,0,0,0,0.905180533118506,0,0,0,1,1,1,1,1,1,0,0,0.905180533118506,0,0,0,2,2,1,2,2,1,1,0,1,1,1,1,6
888,795,587,824,831,788,86,37,176,165,131,174,0.0968468468468468,0.0465408805031447,0.299829642248722,0.200242718446602,0.157641395908544,0.220812182741117,0.967492350133235,1.14440099921086,1.00363886608123,0.946160926188,1.02545396120388,0.999706363968627,0.967492350133235,1.14440099921086,1.00363886608123,0.946160926188,1.02545396120388,0.999706363968627,0.967492350133235,1.14440099921086,1.00363886608123,0.946160926188,1.02545396120388,0.999706363968627,0.967492350133235,1.14440099921086,1.00363886608123,0.946160926188,1.02545396120388,0.999706363968627,1,1,1,1,1,1,0.967492350133235,0.24693802345216,1.09109339818963,0.946160926188,1.05837899725187,1.02971728645447,2,2,1,2,2,1,1,0,1,1,1,1,1
829,774,620,795,927,715,175,288,153,336,234,170,0.211097708082027,0.372093023255814,0.246774193548387,0.422641509433962,0.252427184466019,0.237762237762238,0.958441347440068,0.987131256540375,0.89802226159099,0.998505426598493,1.69475554840465,0.933936732613871,0.958441347440068,0.987131256540375,0.89802226159099,0.998505426598493,1.69475554840465,0.933936732613871,0.958441347440068,0.987131256540375,0.89802226159099,0.998505426598493,1.69475554840465,0.933936732613871,0.958441347440068,0.987131256540375,0.89802226159099,0.998505426598493,1.69475554840465,0.933936732613871,1,1,1,1,1,1,2.10884942927462,1.97426251308075,0.89802226159099,1.99701085319699,1.69475554840465,1.11031365862907,2,2,1,2,2,1,1,0,1,1,1,1,1
796,651,574,689,738,559,147,299,166,309,214,122,0.184673366834171,0.459293394777266,0.289198606271777,0.448476052249637,0.289972899728997,0.21824686940966,0.92243617372467,1.16596802804964,1.01064882990783,0.962035506933334,0.990864908008089,0.988092149430303,0.92243617372467,1.16596802804964,1.01064882990783,0.962035506933334,0.990864908008089,0.988092149430303,0.92243617372467,1.16596802804964,1.01064882990783,0.962035506933334,0.990864908008089,0.988092149430303,0.92243617372467,1.16596802804964,1.01064882990783,0.962035506933334,0.990864908008089,0.988092149430303,1,1,1,1,1,1,1.84487234744934,2.43693290425108,1.05424324633502,2.11908088474543,1.94947300897272,1.01775441624604,2,2,1,2,2,1,1,0,1,1,1,1,1
502,558,533,563,574,445,39,3,2,77,2,0,0.0776892430278884,0.00537634408602151,0.00375234521575985,0.136767317939609,0.00348432055749129,0,0.871915367151809,0,0,0.720314049051377,0,0,0.871915367151809,0,0,0.720314049051377,0,0,0.871915367151809,0,0,0.720314049051377,0,0,0.871915367151809,0,0,0.720314049051377,0,0,1,1,1,1,1,1,0.871915367151809,0.0341654876782237,0.0215811705829474,0.720314049051377,0.0282017964059737,0,2,2,2,2,2,1,1,0,1,1,1,1,9
160,191,198,226,209,181,17,14,45,43,39,37,0.10625,0.0732984293193717,0.227272727272727,0.190265486725664,0.186602870813397,0.204419889502762,1.04204887156683,0.39662858736955,0.978178308073132,0.944519117562377,1.10943720924969,0.969219949987635,1.04204887156683,0.39662858736955,0.978178308073132,0.944519117562377,1.10943720924969,0.969219949987635,1.04204887156683,0.39662858736955,0.978178308073132,0.944519117562377,1.10943720924969,0.969219949987635,1.04204887156683,0.39662858736955,0.978178308073132,0.944519117562377,1.10943720924969,0.969219949987635,1,1,1,1,1,1,1.04204887156683,0.39662858736955,1.10368819168057,0.944519117562377,1.32170590881787,0.969219949987635,2,2,2,2,2,1,1,0,1,1,1,1,17
398,436,419,440,469,397,73,171,189,210,121,104,0.183417085427136,0.392201834862385,0.451073985680191,0.477272727272727,0.257995735607676,0.261964735516373,0.899433255978466,0.961082659674862,0.987099474348539,1.03038519590412,0.91369035941433,1.00603927187955,0.899433255978466,0.961082659674862,0.987099474348539,1.03038519590412,0.91369035941433,1.00603927187955,0.899433255978466,0.961082659674862,0.987099474348539,1.03038519590412,0.91369035941433,1.00603927187955,0.899433255978466,0.961082659674862,0.987099474348539,1.03038519590412,0.91369035941433,1.00603927187955,1,1,1,1,1,1,1.79886651195693,2.12226184339399,2.19051813890587,2.36928527058723,1.82738071882866,1.24205843410492,2,2,2,2,2,1,1,0,1,1,1,1,1
1268,1469,1260,1305,1418,1161,136,0,0,0,0,1,0.107255520504732,0,0,0,0,0.000861326442721792,0.9862458450507,0,0,0,0,0,0.9862458450507,0,0,0,0,0,0.9862458450507,0,0,0,0,0,0.9862458450507,0,0,0,0,0,1,1,1,1,1,1,1.02611340292575,0,0,0,0,0.00411534043900093,2,2,2,2,2,1,1,1,1,1,1,1,5
387,545,448,444,521,401,63,153,169,176,132,90,0.162790697674419,0.280733944954128,0.377232142857143,0.396396396396396,0.253358925143954,0.224438902743142,0.84405315205434,0.80288506725143,0.867092932543329,0.944396899854577,0.896089591399542,1.03582782310565,0.84405315205434,0.80288506725143,0.867092932543329,0.944396899854577,0.896089591399542,1.03582782310565,0.84405315205434,0.80288506725143,0.867092932543329,0.944396899854577,0.896089591399542,1.03582782310565,0.84405315205434,0.80288506725143,0.867092932543329,0.944396899854577,0.896089591399542,1.03582782310565,1,1,1,1,1,1,1.55381587372905,1.67588045856143,1.70466215232197,1.88879379970915,1.68032735560516,1.06917405404227,2,2,2,2,2,1,1,1,1,1,1,1,1
963,1103,962,1037,1134,915,122,0,0,0,0,0,0.12668743509865,0,0,0,0,0,1.20921496418671,0,0,0,0,0,1.20921496418671,0,0,0,0,0,1.20921496418671,0,0,0,0,0,1.20921496418671,0,0,0,0,0,1,1,1,1,1,1,1.20921496418671,0,0,0,0,0,2,2,2,2,2,1,1,1,1,1,1,1,5
254,373,277,359,332,304,71,128,132,154,101,86,0.279527559055118,0.343163538873995,0.476534296028881,0.428969359331476,0.30421686746988,0.282894736842105,1.44932186345439,1.0023982134145,1.09931411668987,1.0220005448287,1.07596591796813,1.04701692186516,1.44932186345439,1.0023982134145,1.09931411668987,1.0220005448287,1.07596591796813,1.04701692186516,1.44932186345439,1.0023982134145,1.09931411668987,1.0220005448287,1.07596591796813,1.04701692186516,1.44932186345439,1.0023982134145,1.09931411668987,1.0220005448287,1.07596591796813,1.04701692186516,1,1,1,1,1,1,2.66805391591383,2.04856263101238,2.1611976039729,2.0440010896574,2.01762745936699,1.34764387528149,2,2,2,2,2,1,1,1,1,1,1,1,1
85,98,61,69,85,65,20,29,25,31,20,11,0.235294117647059,0.295918367346939,0.40983606557377,0.449275362318841,0.235294117647059,0.169230769230769,1.16921779952325,0.877434491290053,0.951345423211121,0.999210998881157,0.815451717836049,0.801065928827525,1.16921779952325,0.877434491290053,0.951345423211121,0.999210998881157,0.815451717836049,0.801065928827525,1.16921779952325,0.877434491290053,0.951345423211121,0.999210998881157,0.815451717836049,0.801065928827525,1.16921779952325,0.877434491290053,0.951345423211121,0.999210998881157,0.815451717836049,0.801065928827525,1,1,1,1,1,1,2.22477613593716,1.75486898258011,1.90269084642224,2.06605414952442,1.56843190925213,0.801065928827525,2,2,2,2,2,1,1,1,1,1,1,1,1
792,891,788,736,894,811,78,143,175,150,134,194,0.0984848484848485,0.160493827160494,0.222081218274112,0.203804347826087,0.149888143176734,0.23921085080148,0.93120364780703,0.951768022054941,0.974291759857076,0.937222144441523,0.999129722951999,1.09654689532878,0.93120364780703,0.951768022054941,0.974291759857076,0.937222144441523,0.999129722951999,1.09654689532878,0.93120364780703,0.951768022054941,0.974291759857076,0.937222144441523,0.999129722951999,1.09654689532878,0.93120364780703,0.951768022054941,0.974291759857076,0.937222144441523,0.999129722951999,1.09654689532878,1,1,1,1,1,1,0.93120364780703,0.951768022054941,1.03102663886078,0.937222144441523,0.999129722951999,1.13232164135356,2,2,2,2,2,1,1,1,1,1,1,1,1
287,292,235,239,271,193,37,43,57,42,40,52,0.128919860627178,0.147260273972603,0.242553191489362,0.175732217573222,0.14760147601476,0.269430051813472,1.21897577482968,0.873289784198461,1.04695899553668,0.808128617265728,0.983887175545615,1.01501338253991,1.21897577482968,0.873289784198461,1.04695899553668,0.808128617265728,0.983887175545615,1.01501338253991,1.21897577482968,0.873289784198461,1.04695899553668,0.808128617265728,0.983887175545615,1.01501338253991,1.21897577482968,0.873289784198461,1.04695899553668,0.808128617265728,0.983887175545615,1.01501338253991,1,1,1,1,1,1,1.21897577482968,0.873289784198461,1.12606911881024,0.808128617265728,0.983887175545615,1.27536638692277,2,2,2,2,2,1,1,1,1,1,1,1,1
385,394,371,390,415,323,55,56,77,73,52,76,0.142857142857143,0.142131979695431,0.207547169811321,0.187179487179487,0.125301204819277,0.235294117647059,1.35075693967613,0.842877732924875,0.966155557367057,0.860770450881268,0.835237233601736,1.07859251923789,1.35075693967613,0.842877732924875,0.966155557367057,0.860770450881268,0.835237233601736,1.07859251923789,1.35075693967613,0.842877732924875,0.966155557367057,0.860770450881268,0.835237233601736,1.07859251923789,1.35075693967613,0.842877732924875,0.966155557367057,0.860770450881268,0.835237233601736,1.07859251923789,1,1,1,1,1,1,1.35075693967613,0.842877732924875,0.966155557367057,0.860770450881268,0.835237233601736,1.11378150532169,2,2,2,2,2,1,1,1,1,1,1,1,1
656,695,746,642,628,566,0,0,115,0,0,0,0,0,0.154155495978552,0,0,0,0,0,0.867564513590402,0,0,0,0,0,0.867564513590402,0,0,0,0,0,0.867564513590402,0,0,0,0,0,0.867564513590402,0,0,0,1,1,1,1,1,1,0,0,0.867564513590402,0,0,0,2,2,2,2,2,1,1,1,1,1,1,1,6
531,473,629,451,503,398,0,1,145,0,0,1,0,0.00211416490486258,0.230524642289348,0,0,0.00251256281407035,0,0,0.995038846760732,0,0,0,0,0,0.995038846760732,0,0,0,0,0,0.995038846760732,0,0,0,0,0,0.995038846760732,0,0,0,1,1,1,1,1,1,0,0.0125375198872093,1.07022578929124,0,0,0.0118933954714,2,2,2,2,2,1,1,1,1,1,1,1,6
792,964,792,812,860,807,87,165,172,147,119,151,0.109848484848485,0.171161825726141,0.217171717171717,0.181034482758621,0.138372093023256,0.187112763320942,1.02102734634273,0.979185470172477,1.01067174353378,0.871914340766641,0.936031995650409,0.916939325206242,1.02102734634273,0.979185470172477,1.01067174353378,0.871914340766641,0.936031995650409,0.916939325206242,1.02102734634273,0.979185470172477,1.01067174353378,0.871914340766641,0.936031995650409,0.916939325206242,1.02102734634273,0.979185470172477,1.01067174353378,0.871914340766641,0.936031995650409,0.916939325206242,1,1,1,1,1,1,1.06762547811356,1.02743543949677,1.01067174353378,0.871914340766641,0.936031995650409,0.916939325206242,2,2,2,2,2,1,1,1,1,1,1,1,1
1714,1952,1775,1718,1909,1524,165,327,434,340,330,342,0.0962660443407235,0.167520491803279,0.244507042253521,0.19790454016298,0.172865374541645,0.224409448818898,0.936162929054223,1.00660891599592,1.04345577362488,0.953165408277519,1.16997815639407,0.978243804428244,0.936162929054223,1.00660891599592,1.04345577362488,0.953165408277519,1.16997815639407,0.978243804428244,0.936162929054223,1.00660891599592,1.04345577362488,0.953165408277519,1.16997815639407,0.978243804428244,0.936162929054223,1.00660891599592,1.04345577362488,0.953165408277519,1.16997815639407,0.978243804428244,1,1,1,1,1,1,0.936162929054223,1.00660891599592,1.13788462843557,0.953165408277519,1.16997815639407,1.10043245129198,2,2,2,2,2,1,1,1,1,1,1,1,1
713,920,725,827,867,727,57,144,169,158,105,123,0.0799438990182328,0.156521739130435,0.233103448275862,0.191051995163241,0.121107266435986,0.169188445667125,0.776980615884937,0.940577557748429,0.994789911626011,0.920161572958542,0.819242332850959,0.829101855209167,0.776980615884937,0.940577557748429,0.994789911626011,0.920161572958542,0.819242332850959,0.829101855209167,0.776980615884937,0.940577557748429,0.994789911626011,0.920161572958542,0.819242332850959,0.829101855209167,0.776980615884937,0.940577557748429,0.994789911626011,0.920161572958542,0.819242332850959,0.829101855209167,1,1,1,1,1,1,0.776980615884937,0.940577557748429,1.08481468747802,0.920161572958542,0.819242332850959,0.829101855209167,2,2,2,2,2,1,1,1,1,1,1,1,1
428,633,505,508,573,438,0,111,117,0,56,99,0,0.175355450236967,0.231683168316832,0,0.0977312390924956,0.226027397260274,0,1.01791417027119,0.996880795112116,0,0.650636633908286,1.0463322313693,0,1.01791417027119,0.996880795112116,0,0.650636633908286,1.0463322313693,0,1.01791417027119,0.996880795112116,0,0.650636633908286,1.0463322313693,0,1.01791417027119,0.996880795112116,0,0.650636633908286,1.0463322313693,1,1,1,1,1,1,0,1.03344660284253,1.05192397955396,0,0.650636633908286,1.06374047963646,2,2,2,2,2,1,1,1,1,1,1,1,7
1051,1303,1100,1172,1154,1024,128,231,266,240,160,220,0.121788772597526,0.177283192632387,0.241818181818182,0.204778156996587,0.138648180242634,0.21484375,1.04499702650366,1.02910444863595,1.04048948879107,0.982051945881131,0.923037363776796,0.994560584504677,1.04499702650366,1.02910444863595,1.04048948879107,0.982051945881131,0.923037363776796,0.994560584504677,1.04499702650366,1.02910444863595,1.04048948879107,0.982051945881131,0.923037363776796,0.994560584504677,1.04499702650366,1.02910444863595,1.04048948879107,0.982051945881131,0.923037363776796,0.994560584504677,1,1,1,1,1,1,1.19365761942787,1.04480763454705,1.09794054524852,0.982051945881131,0.923037363776796,1.01110748715445,2,2,2,2,2,1,1,1,1,1,1,1,1
137,164,184,175,154,170,0,0,0,0,0,12,0,0,0,0,0,0.0705882352941176,0,0,0,0,0,0.352989731681509,0,0,0,0,0,0.352989731681509,0,0,0,0,0,0.352989731681509,0,0,0,0,0,0.352989731681509,1,1,1,1,1,1,0,0,0,0,0,0.352989731681509,2,2,2,3,2,1,2,1,1,1,1,1,4
406,407,384,398,436,366,41,56,82,68,66,63,0.100985221674877,0.137592137592138,0.213541666666667,0.170854271356784,0.151376146788991,0.172131147540984,1.00364742753262,0.810605854564999,0.975417313555408,0.800015487241016,1.00496668849203,0.811732661355798,1.00364742753262,0.810605854564999,0.975417313555408,0.800015487241016,1.00496668849203,0.811732661355798,1.00364742753262,0.810605854564999,0.975417313555408,0.800015487241016,1.00496668849203,0.811732661355798,1.00364742753262,0.810605854564999,0.975417313555408,0.800015487241016,1.00496668849203,0.811732661355798,1,1,1,1,1,1,1.00364742753262,0.810605854564999,0.975417313555408,0.800015487241016,1.00496668849203,0.811732661355798,2,2,2,2,2,1,1,1,1,1,1,1,1
593,695,554,709,619,524,149,180,186,328,151,93,0.251264755480607,0.258992805755396,0.335740072202166,0.46262341325811,0.243941841680129,0.177480916030534,1.13722113996114,1.21717735765045,1.11184375052763,1.00484559597367,1.35297547471112,0.786690086989792,1.13722113996114,1.21717735765045,1.11184375052763,1.00484559597367,1.35297547471112,0.786690086989792,1.13722113996114,1.21717735765045,1.11184375052763,1.00484559597367,1.35297547471112,0.786690086989792,1.13722113996114,1.21717735765045,1.11184375052763,1.00484559597367,1.35297547471112,0.786690086989792,1,1,1,1,1,1,2.47572044776258,1.28768028530673,1.23588218813672,2.15603914494874,1.40746531007527,0.786690086989792,2,1,1,2,1,1,1,1,1,1,1,1,1
304,416,322,375,373,313,40,74,98,62,66,55,0.131578947368421,0.177884615384615,0.304347826086957,0.165333333333333,0.176943699731903,0.175718849840256,1.1014967235267,0.88442036689804,1.00788454056712,0.770529827102899,1.00570562850079,0.778879669760068,1.1014967235267,0.88442036689804,1.00788454056712,0.770529827102899,1.00570562850079,0.778879669760068,1.1014967235267,0.88442036689804,1.00788454056712,0.770529827102899,1.00570562850079,0.778879669760068,1.1014967235267,0.88442036689804,1.00788454056712,0.770529827102899,1.00570562850079,0.778879669760068,1,1,1,1,1,1,1.29645198297705,0.88442036689804,1.12032518129832,0.770529827102899,1.02090776020125,0.778879669760068,2,1,1,2,1,1,1,1,1,1,1,1,1
308,303,250,290,234,247,53,57,76,131,43,49,0.172077922077922,0.188118811881188,0.304,0.451724137931034,0.183760683760684,0.198380566801619,0.847744900557072,0.938400561118952,1.00673267252076,0.98117172107273,1.01919251175599,0.879328486942227,0.847744900557072,0.938400561118952,1.00673267252076,0.98117172107273,1.01919251175599,0.879328486942227,0.847744900557072,0.938400561118952,1.00673267252076,0.98117172107273,1.01919251175599,0.879328486942227,0.847744900557072,0.938400561118952,1.00673267252076,0.98117172107273,1.01919251175599,0.879328486942227,1,1,1,1,1,1,1.69548980111414,0.938400561118952,1.11904480966255,2.10524347922302,1.06023954712949,0.879328486942227,2,1,1,2,1,1,1,1,1,1,1,1,1
323,298,231,398,309,272,36,57,78,85,46,64,0.111455108359133,0.191275167785235,0.337662337662338,0.21356783919598,0.148867313915858,0.235294117647059,0.933032518752029,0.950996541805112,1.1182095644882,0.99532494078882,0.858916119914339,1.02009681969894,0.933032518752029,0.950996541805112,1.1182095644882,0.99532494078882,0.858916119914339,1.02009681969894,0.933032518752029,0.950996541805112,1.1182095644882,0.99532494078882,0.858916119914339,1.02009681969894,0.933032518752029,0.950996541805112,1.1182095644882,0.99532494078882,0.858916119914339,1.02009681969894,1,1,1,1,1,1,1.09817109146291,0.950996541805112,1.24295817888013,0.99532494078882,0.858916119914339,1.0429490337322,2,1,1,2,1,1,1,1,1,1,1,1,1
623,563,569,613,620,551,116,110,142,267,114,124,0.186195826645265,0.19538188277087,0.249560632688928,0.435562805872757,0.183870967741935,0.225045372050817,0.917297004969958,0.971414622179788,0.918649772061335,1.01496209728303,1.01980418018015,0.997521126636784,0.917297004969958,0.971414622179788,0.918649772061335,1.01496209728303,1.01980418018015,0.997521126636784,0.917297004969958,0.971414622179788,0.918649772061335,1.01496209728303,1.01980418018015,0.997521126636784,0.917297004969958,0.971414622179788,0.918649772061335,1.01496209728303,1.01980418018015,0.997521126636784,1,1,1,1,1,1,1.83459400993992,0.971414622179788,0.918649772061335,2.02992419456606,1.06087584993347,0.997521126636784,2,1,1,2,1,1,1,1,1,1,1,1,1
939,1155,1211,1150,1118,1182,75,0,1,0,0,0,0.0798722044728434,0,0.000825763831544178,0,0,0,0.969012677914852,0,0,0,0,0,0.969012677914852,0,0,0,0,0,0.969012677914852,0,0,0,0,0,0.969012677914852,0,0,0,0,0,1,1,1,1,1,1,1.10406590509094,0,0.00704106643209203,0,0,0,4,3,4,3,3,3,3,3,3,3,3,3,5
620,761,875,823,835,911,0,0,87,0,0,0,0,0,0.0994285714285714,0,0,0,0,0,0.847800726955337,0,0,0,0,0,0.847800726955337,0,0,0,0,0,0.847800726955337,0,0,0,0,0,0.847800726955337,0,0,0,1,1,1,1,1,1,0,0,0.847800726955337,0,0,0,4,3,4,3,3,3,3,3,3,3,3,3,6
1367,1712,2034,1838,1627,1767,403,639,701,750,476,581,0.294806144842721,0.373247663551402,0.344641101278269,0.408052230685528,0.292562999385372,0.328805885681947,1.02186534836849,1.05801050696878,0.997592476736647,1.02759753962053,0.979113040375203,1.00943887189035,1.02186534836849,1.05801050696878,0.997592476736647,1.02759753962053,0.979113040375203,1.00943887189035,1.02186534836849,1.05801050696878,0.997592476736647,1.02759753962053,0.979113040375203,1.00943887189035,1.02186534836849,1.05801050696878,0.997592476736647,1.02759753962053,0.979113040375203,1.00943887189035,1,1,1,1,1,1,4.07507737241452,3.28706829545673,2.94010759760633,3.23814815859954,2.89275029589717,2.75959685886186,4,3,4,3,3,3,3,3,3,3,3,3,1
351,502,537,480,436,448,68,173,237,187,141,168,0.193732193732194,0.344621513944223,0.441340782122905,0.389583333333333,0.323394495412844,0.375,0.896267878652596,1.01106484511623,0.953382501969776,0.982869735085161,0.993392391669943,0.979078614376885,0.896267878652596,1.01106484511623,0.953382501969776,0.982869735085161,0.993392391669943,0.979078614376885,0.896267878652596,1.01106484511623,0.953382501969776,0.982869735085161,0.993392391669943,0.979078614376885,0.896267878652596,1.01106484511623,0.953382501969776,0.982869735085161,0.993392391669943,0.979078614376885,1,1,1,1,1,1,2.67794173492371,3.03319453534868,3.7631943267699,3.08990393692765,3.19760025793541,3.14729409398166,4,3,4,3,3,3,3,3,3,3,3,3,1
154,224,234,199,196,217,19,0,0,0,0,0,0.123376623376623,0,0,0,0,0,0.857910201723269,0,0,0,0,0,0.857910201723269,0,0,0,0,0,0.857910201723269,0,0,0,0,0,0.857910201723269,0,0,0,0,0,1,1,1,1,1,1,1.7054233604093,0,0,0,0,0,4,3,4,3,3,3,3,3,3,3,3,3,5
1201,1538,1689,1708,1568,1639,0,0,0,40,0,0,0,0,0,0.0234192037470726,0,0,0,0,0,0.185744829581494,0,0,0,0,0,0.185744829581494,0,0,0,0,0,0.185744829581494,0,0,0,0,0,0.185744829581494,0,0,1,1,1,1,1,1,0,0,0,0.185744829581494,0,0,4,3,4,3,3,3,3,3,3,3,3,3,2
58,83,123,101,100,113,14,23,46,36,23,44,0.241379310344828,0.27710843373494,0.373983739837398,0.356435643564356,0.23,0.389380530973451,0.903931732497779,0.893990575968237,1.08399528938895,0.953551703233586,1.06482462768852,1.01178873232469,0.903931732497779,0.893990575968237,1.08399528938895,0.953551703233586,1.06482462768852,1.01178873232469,0.903931732497779,0.893990575968237,1.08399528938895,0.953551703233586,1.06482462768852,1.01178873232469,0.903931732497779,0.893990575968237,1.08399528938895,0.953551703233586,1.06482462768852,1.01178873232469,1,1,1,1,1,1,3.55780378695013,2.44438418549056,3.25198586816684,2.86065510970076,2.28307338688435,3.39725826788981,4,3,4,3,3,3,4,3,3,3,3,3,1
1082,1362,1463,1348,1228,1358,82,170,183,167,123,176,0.0757855822550832,0.124816446402349,0.125085440874915,0.123887240356083,0.100162866449511,0.12960235640648,1.00824962766637,1.01307640573814,1.08768388223376,0.994285149507968,0.9942572814997,1.13075164733888,1.00824962766637,1.01307640573814,1.08768388223376,0.994285149507968,0.9942572814997,1.13075164733888,1.00824962766637,1.01307640573814,1.08768388223376,0.994285149507968,0.9942572814997,1.13075164733888,1.00824962766637,1.01307640573814,1.08768388223376,0.994285149507968,0.9942572814997,1.13075164733888,1,1,1,1,1,1,1.11703953067962,1.10101068943599,1.08768388223376,0.994285149507968,0.9942572814997,1.13075164733888,4,3,4,3,3,3,4,3,3,3,3,3,1
656,808,1003,952,841,941,0,0,0,0,1,27,0,0,0,0,0.00118906064209275,0.0286928799149841,0,0,0,0,0,0.250338976314651,0,0,0,0,0,0.250338976314651,0,0,0,0,0,0.250338976314651,0,0,0,0,0,0.250338976314651,1,1,1,1,1,1,0,0,0,0,0.0118030987276242,0.250338976314651,4,3,4,3,3,3,4,3,3,3,3,3,4
458,653,770,746,686,738,0,103,149,0,95,135,0,0.157733537519142,0.193506493506494,0,0.138483965014577,0.182926829268293,0,0.915771831007605,0.859588796610984,0,1.18064491859828,0.843994495274604,0,0.915771831007605,0.859588796610984,0,1.18064491859828,0.843994495274604,0,0.915771831007605,0.859588796610984,0,1.18064491859828,0.843994495274604,0,0.915771831007605,0.859588796610984,0,1.18064491859828,0.843994495274604,1,1,1,1,1,1,0,1.34551627933223,1.6318502673711,0,1.36659231892201,1.51501393070246,3,3,4,3,3,3,2,2,3,3,3,3,7
353,509,614,522,441,485,0,77,127,49,62,75,0,0.151277013752456,0.206840390879479,0.0938697318007663,0.140589569160998,0.154639175257732,0,0.875596440248693,0.918820239387318,0.730163557102893,1.19859624484597,1.22842723959992,0,0.875596440248693,0.918820239387318,0.730163557102893,1.19859624484597,1.22842723959992,0,0.875596440248693,0.918820239387318,0.730163557102893,1.19859624484597,1.22842723959992,0,0.875596440248693,0.918820239387318,0.730163557102893,1.19859624484597,1.22842723959992,1,1,1,1,1,1,0,1.28648777412568,1.74429571351048,0.730163557102893,1.38737091558398,1.28073342595466,3,3,4,3,3,3,2,2,3,3,3,3,16
126,203,177,202,159,147,50,95,119,129,66,82,0.396825396825397,0.467980295566502,0.672316384180791,0.638613861386139,0.415094339622642,0.557823129251701,1.03929761632891,0.967720066366727,0.98884201244497,0.950793170880478,0.968576220175171,1.00656339601976,1.03929761632891,0.967720066366727,0.98884201244497,0.950793170880478,0.968576220175171,1.00656339601976,1.03929761632891,0.967720066366727,0.98884201244497,0.950793170880478,0.968576220175171,1.00656339601976,1.03929761632891,0.967720066366727,0.98884201244497,0.950793170880478,0.968576220175171,1.00656339601976,1,1,1,1,1,1,4.298113916087,2.90316019910018,3.16894951848028,3.18273220661757,2.90572866052551,3.07529012923481,4,3,3,3,3,3,0,0,0,0,0,0,1
549,537,538,485,569,518,0,0,1,0,17,0,0,0,0.00185873605947955,0,0.0298769771528998,0,0,0,0,0,0.209143754843704,0,0,0,0,0,0.209143754843704,0,0,0,0,0,0.209143754843704,0,0,0,0,0,0.209143754843704,0,1,1,1,1,1,1,0,0,0.00876111437897926,0,0.209143754843704,0,4,3,3,3,3,3,0,0,0,0,0,0,13
1874,1852,1724,1717,1898,1742,0,0,1,71,0,0,0,0,0.000580046403712297,0.0413511939429237,0,0,0,0,0,0.203837460356296,0,0,0,0,0,0.203837460356296,0,0,0,0,0,0.203837460356296,0,0,0,0,0,0.203837460356296,0,0,1,1,1,1,1,1,0,0,0.00274279219349161,0.203837460356296,0,0,4,3,3,3,3,3,0,0,0,0,0,0,2
1951,1859,1699,1715,1954,1789,0,0,1,71,0,0,0,0,0.000588581518540318,0.041399416909621,0,0,0,0,0,0.204075171680327,0,0,0,0,0,0.204075171680327,0,0,0,0,0,0.204075171680327,0,0,0,0,0,0.204075171680327,0,0,1,1,1,1,1,1,0,0,0.00278153675655447,0.204075171680327,0,0,4,3,3,3,3,3,0,0,0,0,0,0,2
1327,1414,1197,1217,1367,1400,103,253,235,257,199,246,0.0776186887716654,0.178925035360679,0.196324143692565,0.211175020542317,0.145574250182882,0.175714285714286,0.822162861809501,0.915363661029447,0.927794714374035,1.0409706655012,0.991332270050367,0.955012103299458,0.822162861809501,0.915363661029447,0.927794714374035,1.0409706655012,0.991332270050367,0.955012103299458,0.822162861809501,0.915363661029447,0.927794714374035,1.0409706655012,0.991332270050367,0.955012103299458,0.822162861809501,0.915363661029447,0.927794714374035,1.0409706655012,0.991332270050367,0.955012103299458,1,1,1,1,1,1,0.822162861809501,1.11198319662309,0.927794714374035,1.0409706655012,0.991332270050367,0.955012103299458,4,3,3,3,3,3,0,0,0,0,0,0,1
968,1187,1021,1090,1138,1093,377,627,676,735,485,580,0.389462809917355,0.528222409435552,0.662095984329089,0.674311926605505,0.426186291739895,0.530649588289113,1.06004927525194,1.02201222433563,0.9726130839319,1.01238621285326,0.967415193103837,0.961365164224617,1.06004927525194,1.02201222433563,0.9726130839319,1.01238621285326,0.967415193103837,0.961365164224617,1.06004927525194,1.02201222433563,0.9726130839319,1.01238621285326,0.967415193103837,0.961365164224617,1.06004927525194,1.02201222433563,0.9726130839319,1.01238621285326,0.967415193103837,0.961365164224617,1,1,1,1,1,1,4.12221033202573,3.28556425256352,3.12895369420663,3.32396764158604,2.90224557931151,2.88409549267385,4,3,3,3,3,3,0,0,0,0,0,0,1
926,1100,966,1015,999,999,3,0,0,32,0,1,0.00323974082073434,0,0,0.0315270935960591,0,0.001001001001001,0,0,0,0.15541032986632,0,0,0,0,0,0.15541032986632,0,0,0,0,0,0.15541032986632,0,0,0,0,0,0.15541032986632,0,0,1,1,1,1,1,1,0.0342905477602612,0,0,0.15541032986632,0,0.00544046869885837,4,3,3,3,3,3,0,0,0,0,0,0,2
1243,1268,1154,1158,1147,1231,0,219,267,2,184,230,0,0.172712933753943,0.231369150779896,0.00172711571675302,0.160418482999128,0.186839967506093,0,1.08586780957575,0.928169390363246,0,0.977755502923416,1.0164881440481,0,1.08586780957575,0.928169390363246,0,0.977755502923416,1.0164881440481,0,1.08586780957575,0.928169390363246,0,0.977755502923416,1.0164881440481,0,1.08586780957575,0.928169390363246,0,0.977755502923416,1.0164881440481,1,1,1,1,1,1,0,1.08586780957575,1.08138301302218,0.00883248669154044,1.09738548035385,1.0164881440481,4,3,3,3,3,3,0,0,0,0,0,0,7
1075,1149,1020,1107,1047,1066,96,217,203,238,151,222,0.0893023255813954,0.188859878154917,0.199019607843137,0.214995483288166,0.14422158548233,0.208255159474672,0.989484135538432,0.925347080466046,0.930186338388053,1.09948900728786,0.986586276737083,1.1329958111663,0.989484135538432,0.925347080466046,0.930186338388053,1.09948900728786,0.986586276737083,1.1329958111663,0.989484135538432,0.925347080466046,0.930186338388053,1.09948900728786,0.986586276737083,1.1329958111663,0.989484135538432,0.925347080466046,0.930186338388053,1.09948900728786,0.986586276737083,1.1329958111663,1,1,1,1,1,1,0.989484135538432,1.18644924392045,0.930186338388053,1.09948900728786,0.986586276737083,1.1329958111663,4,3,3,3,3,3,0,0,0,0,0,0,1
261,281,264,259,263,284,109,156,187,179,104,148,0.417624521072797,0.555160142348754,0.708333333333333,0.691119691119691,0.395437262357414,0.52112676056338,1.15262841003599,1.08660250015468,1.07398369365253,1.05259177904653,0.984230447497518,0.983215768631101,1.15262841003599,1.08660250015468,1.07398369365253,1.05259177904653,0.984230447497518,0.983215768631101,1.15262841003599,1.08660250015468,1.07398369365253,1.05259177904653,0.984230447497518,0.983215768631101,1.15262841003599,1.08660250015468,1.07398369365253,1.05259177904653,0.984230447497518,0.983215768631101,1,1,1,1,1,1,4.50201476487763,3.40528971657174,3.139011863134,3.29320141195571,2.58279161005851,2.9496473058933,4,3,3,3,3,3,0,0,0,0,0,0,1
1157,1229,1127,1117,1167,1191,107,216,220,240,175,180,0.0924805531547105,0.175752644426363,0.195208518189885,0.214861235452104,0.149957155098543,0.151133501259446,1.01760297460351,1.09944070271388,0.927601061074097,1.08594525053357,1.04318631144048,0.854187886161157,1.01760297460351,1.09944070271388,0.927601061074097,1.08594525053357,1.04318631144048,0.854187886161157,1.01760297460351,1.09944070271388,0.927601061074097,1.08594525053357,1.04318631144048,0.854187886161157,1.01760297460351,1.09944070271388,0.927601061074097,1.08594525053357,1.04318631144048,0.854187886161157,1,1,1,1,1,1,1.01760297460351,1.09944070271388,0.927601061074097,1.08594525053357,1.04318631144048,0.854187886161157,4,3,3,3,3,3,0,0,0,0,0,0,1
541,537,475,472,502,565,1,79,0,0,71,0,0.00184842883548983,0.147113594040968,0,0,0.141434262948207,0,0,0.920285858224644,0,0,0.98389628010272,0,0,0.920285858224644,0,0,0.98389628010272,0,0,0.920285858224644,0,0,0.98389628010272,0,0,0.920285858224644,0,0,0.98389628010272,0,1,1,1,1,1,1,0.0203390509374517,0.920285858224644,0,0,0.98389628010272,0,4,3,3,3,3,3,0,0,0,0,0,0,11
202,173,187,208,171,227,23,37,42,58,25,53,0.113861386138614,0.213872832369942,0.224598930481283,0.278846153846154,0.146198830409357,0.233480176211454,0.963056660337013,1.0655391591929,1.0672598110083,1.02125791339927,1.01704129110363,1.12181131687934,0.963056660337013,1.0655391591929,1.0672598110083,1.02125791339927,1.01704129110363,1.12181131687934,0.963056660337013,1.0655391591929,1.0672598110083,1.02125791339927,1.01704129110363,1.12181131687934,0.963056660337013,1.0655391591929,1.0672598110083,1.02125791339927,1.01704129110363,1.12181131687934,1,1,1,1,1,1,1.25286540007283,1.33790588403201,1.0672598110083,1.40933591748934,1.01704129110363,1.31960112428171,4,3,3,3,3,3,0,0,0,0,0,0,1
524,581,508,549,568,568,188,285,336,378,262,321,0.358778625954198,0.490533562822719,0.661417322834646,0.688524590163934,0.461267605633803,0.565140845070423,0.986948565241573,1.02286287407852,0.972306292267409,1.02956226613948,1.00493989693008,1.00560189402461,0.986948565241573,1.02286287407852,0.972306292267409,1.02956226613948,1.00493989693008,1.00560189402461,0.986948565241573,1.02286287407852,0.972306292267409,1.02956226613948,1.00493989693008,1.00560189402461,0.986948565241573,1.02286287407852,0.972306292267409,1.02956226613948,1.00493989693008,1.00560189402461,1,1,1,1,1,1,3.94779426096629,3.06858862223557,3.14295408911105,3.4799204565254,3.20883689605808,3.19410626903519,4,3,3,3,3,3,0,0,0,0,0,0,1
1227,1393,1177,1292,1348,1337,0,0,0,58,0,0,0,0,0,0.0448916408668731,0,0,0,0,0,0.2268899929085,0,0,0,0,0,0.2268899929085,0,0,0,0,0,0.2268899929085,0,0,0,0,0,0.2268899929085,0,0,1,1,1,1,1,1,0,0,0,0.2268899929085,0,0,4,3,3,3,3,3,0,0,0,0,0,0,2
655,751,646,690,718,809,267,439,452,499,353,470,0.40763358778626,0.584553928095872,0.69969040247678,0.723188405797101,0.491643454038997,0.580964153275649,1.04288385764339,1.12321170054585,1.02856904027197,1.08139564592891,1.07111818821402,1.03375761633651,1.04288385764339,1.12321170054585,1.02856904027197,1.08139564592891,1.07111818821402,1.03375761633651,1.04288385764339,1.12321170054585,1.02856904027197,1.08139564592891,1.07111818821402,1.03375761633651,1.04288385764339,1.12321170054585,1.02856904027197,1.08139564592891,1.07111818821402,1.03375761633651,1,1,1,1,1,1,4.4853662454383,3.6567437353647,3.32482191750204,3.65511728006131,3.42014838188792,3.28353765304513,4,3,3,3,3,3,0,0,0,0,0,0,1
164,259,180,253,230,221,19,38,41,58,23,44,0.115853658536585,0.146718146718147,0.227777777777778,0.229249011857708,0.1,0.199095022624434,0.979907598720428,0.917812092416406,1.08236520780431,1.15866352109795,0.695656243114881,0.956599627165613,0.979907598720428,0.917812092416406,1.08236520780431,1.15866352109795,0.695656243114881,0.956599627165613,0.979907598720428,0.917812092416406,1.08236520780431,1.15866352109795,0.695656243114881,0.956599627165613,0.979907598720428,0.917812092416406,1.08236520780431,1.15866352109795,0.695656243114881,0.956599627165613,1,1,1,1,1,1,1.27478722308577,0.917812092416406,1.08236520780431,1.15866352109795,0.695656243114881,1.12526048231245,4,3,3,3,3,3,0,0,0,0,0,0,1
721,757,610,709,682,634,0,0,0,20,0,0,0,0,0,0.0282087447108604,0,0,0,0,0,0.142571796526328,0,0,0,0,0,0.142571796526328,0,0,0,0,0,0.142571796526328,0,0,0,0,0,0.142571796526328,0,0,1,1,1,1,1,1,0,0,0,0.142571796526328,0,0,4,3,3,3,3,3,0,0,0,0,0,0,2
601,618,567,603,589,566,0,0,0,0,0,27,0,0,0,0,0,0.0477031802120141,0,0,0,0,0,0.270089674093258,0,0,0,0,0,0.270089674093258,0,0,0,0,0,0.270089674093258,0,0,0,0,0,0.270089674093258,1,1,1,1,1,1,0,0,0,0,0,0.270089674093258,4,3,3,3,3,3,0,0,0,0,0,0,4
861,916,787,844,912,833,83,170,160,184,130,153,0.0963995354239257,0.185589519650655,0.203303684879288,0.218009478672986,0.142543859649123,0.183673469387755,1.06072520818164,0.926651684660923,0.966068056675991,1.10185700756153,0.991615258826036,1.03934748384044,1.06072520818164,0.926651684660923,0.966068056675991,1.10185700756153,0.991615258826036,1.03934748384044,1.06072520818164,0.926651684660923,0.966068056675991,1.10185700756153,0.991615258826036,1.03934748384044,1.06072520818164,0.926651684660923,0.966068056675991,1.10185700756153,0.991615258826036,1.03934748384044,1,1,1,1,1,1,1.06072520818164,1.16351682681949,0.966068056675991,1.10185700756153,0.991615258826036,1.03934748384044,4,3,3,3,3,3,0,0,0,0,0,0,1
483,627,596,646,672,667,0,0,0,0,1,28,0,0,0,0,0.00148809523809524,0.0419790104947526,0,0,0,0,0,0.238460983167834,0,0,0,0,0,0.238460983167834,0,0,0,0,0,0.238460983167834,0,0,0,0,0,0.238460983167834,1,1,1,1,1,1,0,0,0,0,0.0105586146426756,0.238460983167834,4,3,3,4,3,3,0,0,0,0,0,0,4
199,220,175,241,204,216,26,41,41,51,23,39,0.130653266331658,0.186363636363636,0.234285714285714,0.211618257261411,0.112745098039216,0.180555555555556,1.15713964218337,0.937393699711519,1.13093477012857,1.10243051738374,0.799970332927424,1.02564245290094,1.15713964218337,0.937393699711519,1.13093477012857,1.10243051738374,0.799970332927424,1.02564245290094,1.15713964218337,0.937393699711519,1.13093477012857,1.10243051738374,0.799970332927424,1.02564245290094,1.15713964218337,0.937393699711519,1.13093477012857,1.10243051738374,0.799970332927424,1.02564245290094,1,1,1,1,1,1,1.42800550382232,1.16304331283261,1.13093477012857,1.10243051738374,0.799970332927424,1.02564245290094,4,3,3,4,3,3,0,0,0,0,0,0,1
205,251,214,231,189,183,10,53,48,41,23,31,0.048780487804878,0.211155378486056,0.224299065420561,0.177489177489178,0.121693121693122,0.169398907103825,0.534141856429591,1.24394016475562,1.01193353156639,0.893967357350352,0.817050362363078,0.930019238013432,0.534141856429591,1.24394016475562,1.01193353156639,0.893967357350352,0.817050362363078,0.930019238013432,0.534141856429591,1.24394016475562,1.01193353156639,0.893967357350352,0.817050362363078,0.930019238013432,0.534141856429591,1.24394016475562,1.01193353156639,0.893967357350352,0.817050362363078,0.930019238013432,1,1,1,1,1,1,0.534141856429591,1.24394016475562,1.01193353156639,0.893967357350352,0.817050362363078,0.930019238013432,4,3,3,3,3,3,0,0,0,0,0,0,1
665,658,509,639,585,625,0,0,18,0,0,0,0,0,0.0353634577603143,0,0,0,0,0,0.159543547953247,0,0,0,0,0,0.159543547953247,0,0,0,0,0,0.159543547953247,0,0,0,0,0,0.159543547953247,0,0,0,1,1,1,1,1,1,0,0,0.159543547953247,0,0,0,4,3,3,3,3,3,0,0,0,0,0,0,20
795,827,752,780,698,768,0,0,0,0,0,22,0,0,0,0,0,0.0286458333333333,0,0,0,0,0,0.157268878202372,0,0,0,0,0,0.157268878202372,0,0,0,0,0,0.157268878202372,0,0,0,0,0,0.157268878202372,1,1,1,1,1,1,0,0,0,0,0,0.157268878202372,4,3,3,3,3,3,0,0,0,0,0,0,8
451,543,510,552,508,551,159,280,320,392,246,329,0.352549889135255,0.515653775322284,0.627450980392157,0.710144927536232,0.484251968503937,0.597096188747731,0.964312502451402,1.01546362259708,0.977545057139959,1.03414692449434,1.0619669123178,1.05609228072368,0.964312502451402,1.01546362259708,0.977545057139959,1.03414692449434,1.0619669123178,1.05609228072368,0.964312502451402,1.01546362259708,0.977545057139959,1.03414692449434,1.0619669123178,1.05609228072368,0.964312502451402,1.01546362259708,0.977545057139959,1.03414692449434,1.0619669123178,1.05609228072368,1,1,1,1,1,1,3.85725000980561,3.14296118943851,2.93263517141988,3.71322446581722,3.32767485480326,3.35828346297871,4,3,3,4,3,3,0,0,0,0,0,0,1
391,426,422,411,425,394,0,0,75,0,0,0,0,0,0.177725118483412,0,0,0,0,0,1.00695893646105,0,0,0,0,0,1.00695893646105,0,0,0,0,0,1.00695893646105,0,0,0,0,0,1.00695893646105,0,0,0,1,1,1,1,1,1,0,0,1.00695893646105,0,0,0,4,3,3,4,3,3,0,0,0,0,0,0,6
164,201,185,198,179,187,45,65,76,83,54,65,0.274390243902439,0.323383084577114,0.410810810810811,0.419191919191919,0.301675977653631,0.347593582887701,1.12359602589979,1.16878627115153,1.16379052288933,1.20975356929369,1.13740483111107,1.07504074575743,1.12359602589979,1.16878627115153,1.16379052288933,1.20975356929369,1.13740483111107,1.07504074575743,1.12359602589979,1.16878627115153,1.16379052288933,1.20975356929369,1.13740483111107,1.07504074575743,1.12359602589979,1.16878627115153,1.16379052288933,1.20975356929369,1.13740483111107,1.07504074575743,1,1,1,1,1,1,3.37078807769937,2.33757254230305,2.32758104577865,2.41950713858737,2.42665485127516,2.15008149151487,4,3,3,4,3,3,0,0,0,0,0,0,1
840,835,763,859,869,784,0,0,0,0,0,36,0,0,0,0,0,0.0459183673469388,0,0,0,0,0,0.258261393414047,0,0,0,0,0,0.258261393414047,0,0,0,0,0,0.258261393414047,0,0,0,0,0,0.258261393414047,1,1,1,1,1,1,0,0,0,0,0,0.258261393414047,4,3,3,4,3,3,0,0,0,0,0,0,4
559,736,638,713,857,781,67,175,180,193,135,147,0.119856887298748,0.237771739130435,0.282131661442006,0.270687237026648,0.157526254375729,0.188220230473752,1.09278841825557,1.00409396745344,1.04657300505247,1.06798242421224,1.00811618264747,0.861068486108394,1.09278841825557,1.00409396745344,1.04657300505247,1.06798242421224,1.00811618264747,0.861068486108394,1.09278841825557,1.00409396745344,1.04657300505247,1.06798242421224,1.00811618264747,0.861068486108394,1.09278841825557,1.00409396745344,1.04657300505247,1.06798242421224,1.00811618264747,0.861068486108394,1,1,1,1,1,1,1.09278841825557,1.24618683925818,1.04657300505247,1.06798242421224,1.00811618264747,0.861068486108394,2,2,2,2,3,2,0,0,0,0,0,0,1
727,937,735,805,980,917,169,403,437,457,368,408,0.232462173314993,0.430096051227321,0.594557823129252,0.567701863354037,0.375510204081633,0.444929116684842,1.06119006888103,1.00583333144789,1.01583704541048,0.980507920127524,1.20157085872498,1.01772917811507,1.06119006888103,1.00583333144789,1.01583704541048,0.980507920127524,1.20157085872498,1.01772917811507,1.06119006888103,1.00583333144789,1.01583704541048,0.980507920127524,1.20157085872498,1.01772917811507,1.06119006888103,1.00583333144789,1.01583704541048,0.980507920127524,1.20157085872498,1.01772917811507,1,1,1,1,1,1,2.12238013776205,2.25417890543492,2.20552406082131,2.23983819449516,2.40314171744996,2.03545835623015,2,2,2,2,3,2,0,0,0,0,0,0,1
638,837,620,696,816,729,83,177,173,185,118,183,0.130094043887147,0.211469534050179,0.279032258064516,0.265804597701149,0.144607843137255,0.251028806584362,0.99846893717184,1.13598479042072,1.02382454141134,1.05806074509115,0.940108974630111,0.93843659279538,0.99846893717184,1.13598479042072,1.02382454141134,1.05806074509115,0.940108974630111,0.93843659279538,0.99846893717184,1.13598479042072,1.02382454141134,1.05806074509115,0.940108974630111,0.93843659279538,0.99846893717184,1.13598479042072,1.02382454141134,1.05806074509115,0.940108974630111,0.93843659279538,1,1,1,1,1,1,1.17641873030234,1.13598479042072,1.02382454141134,1.05806074509115,0.940108974630111,1.19817976648423,2,2,2,2,3,2,0,0,0,0,0,0,1
89,123,107,90,100,111,11,28,29,22,18,37,0.123595505617978,0.227642276422764,0.271028037383178,0.244444444444444,0.18,0.333333333333333,0.948592798304045,0.891389976449487,0.994455472669003,0.973034602332478,1.17019666265823,0.795512795780512,0.948592798304045,0.891389976449487,0.994455472669003,0.973034602332478,1.17019666265823,0.795512795780512,0.948592798304045,0.891389976449487,0.994455472669003,0.973034602332478,1.17019666265823,0.795512795780512,0.948592798304045,0.891389976449487,0.994455472669003,0.973034602332478,1.17019666265823,0.795512795780512,1,1,1,1,1,1,1.11765353313413,1.22286250279271,0.994455472669003,0.973034602332478,1.17019666265823,1.59102559156102,2,2,2,2,3,2,0,0,0,0,0,0,1
74,121,84,119,93,100,10,34,23,44,14,29,0.135135135135135,0.28099173553719,0.273809523809524,0.369747899159664,0.150537634408602,0.29,1.0371592020769,1.10029305829745,1.00466129648539,1.10217994556058,0.978659096607835,1.08412502777525,1.0371592020769,1.10029305829745,1.00466129648539,1.10217994556058,0.978659096607835,1.08412502777525,1.0371592020769,1.10029305829745,1.00466129648539,1.10217994556058,0.978659096607835,1.08412502777525,1.0371592020769,1.10029305829745,1.00466129648539,1.10217994556058,0.978659096607835,1.08412502777525,1,1,1,1,1,1,1.22200447725968,1.50944834317565,1.00466129648539,1.47181704554492,0.978659096607835,1.38419226465809,2,2,2,2,3,2,0,0,0,0,0,0,1
417,519,416,510,541,537,97,213,243,300,189,239,0.232613908872902,0.410404624277457,0.584134615384615,0.588235294117647,0.349353049907579,0.445065176908752,0.965690421630498,0.931291093779059,0.99508067404919,1.00460666554518,1.135588258587,1.06216512956169,0.965690421630498,0.931291093779059,0.99508067404919,1.00460666554518,1.135588258587,1.06216512956169,0.965690421630498,0.931291093779059,0.99508067404919,1.00460666554518,1.135588258587,1.06216512956169,0.965690421630498,0.931291093779059,0.99508067404919,1.00460666554518,1.135588258587,1.06216512956169,1,1,1,1,1,1,2.10348876205515,2.20889235456882,2.14330543309572,2.34612736765288,2.27117651717401,2.12433025912338,2,2,2,2,3,2,0,0,0,0,0,0,1
1089,1317,1039,1158,1387,1197,244,532,576,657,599,470,0.224058769513315,0.403948367501898,0.554379210779596,0.567357512953368,0.431867339581831,0.392648287385129,1.00239048193628,0.929833249754959,1.02848171285991,0.961632163784582,1.02526204707519,0.90196333309765,1.00239048193628,0.929833249754959,1.02848171285991,0.961632163784582,1.02526204707519,0.90196333309765,1.00239048193628,0.929833249754959,1.02848171285991,0.961632163784582,1.02526204707519,0.90196333309765,1.00239048193628,0.929833249754959,1.02848171285991,0.961632163784582,1.02526204707519,0.90196333309765,1,1,1,1,1,1,2.00478096387256,2.14270063256975,2.05696342571982,2.32475335998097,2.80558123832858,1.71906333828147,2,2,2,2,3,2,0,0,0,0,0,0,1
1109,1305,1059,1251,1424,1192,0,144,1,0,0,0,0,0.110344827586207,0.000944287063267233,0,0,0,0,0.585312259910679,0,0,0,0,0,0.585312259910679,0,0,0,0,0,0.585312259910679,0,0,0,0,0,0.585312259910679,0,0,0,0,1,1,1,1,1,1,0,0.585312259910679,0.00350367386574549,0,0,0,2,2,2,2,3,2,0,0,0,0,0,0,15
74,84,73,78,89,72,17,22,25,22,15,22,0.22972972972973,0.261904761904762,0.342465753424658,0.282051282051282,0.168539325842697,0.305555555555556,1.02681736563433,1.06505194630024,1.08405269953676,1.15570808646285,1.09489819480832,0.701900189532905,1.02681736563433,1.06505194630024,1.08405269953676,1.15570808646285,1.09489819480832,0.701900189532905,1.02681736563433,1.06505194630024,1.08405269953676,1.15570808646285,1.09489819480832,0.701900189532905,1.02681736563433,1.06505194630024,1.08405269953676,1.15570808646285,1.09489819480832,0.701900189532905,1,1,1,1,1,1,2.05363473126865,1.38924561690109,1.27068172048783,1.15570808646285,1.09489819480832,1.33776045952436,2,2,2,2,3,2,0,0,0,0,0,0,1
854,930,717,920,1096,927,183,376,387,504,396,341,0.214285714285714,0.404301075268817,0.539748953974895,0.547826086956522,0.361313868613139,0.367853290183387,0.957787626768153,0.930645134232067,1.00133972902376,0.928527733131366,0.428883319736165,0.845006053418254,0.957787626768153,0.930645134232067,1.00133972902376,0.928527733131366,0.428883319736165,0.845006053418254,0.957787626768153,0.930645134232067,1.00133972902376,0.928527733131366,0.428883319736165,0.845006053418254,0.957787626768153,0.930645134232067,1.00133972902376,0.928527733131366,0.428883319736165,0.845006053418254,1,1,1,1,1,1,1.91557525353631,2.1445715329523,2.00267945804752,2.2447231371061,2.34723795485549,1.61050773767981,2,2,2,2,3,2,0,0,0,0,0,0,12
953,996,784,981,996,863,210,208,234,403,174,182,0.220356768100735,0.208835341365462,0.298469387755102,0.410805300713558,0.174698795180723,0.210892236384705,1.00156118826266,1.09381005780319,0.937352113926469,0.980048874907628,1.03976868361997,0.959120514633989,1.00156118826266,1.09381005780319,0.937352113926469,0.980048874907628,1.03976868361997,0.959120514633989,1.00156118826266,1.09381005780319,0.937352113926469,0.980048874907628,1.03976868361997,0.959120514633989,1.00156118826266,1.09381005780319,0.937352113926469,0.980048874907628,1.03976868361997,0.959120514633989,1,1,1,1,1,1,2.18299605049515,1.09381005780319,1.09860758624002,1.88926353039445,1.03976868361997,0.959120514633989,3,2,2,3,2,2,0,0,0,0,0,0,1
699,748,647,771,811,756,0,0,0,0,0,57,0,0,0,0,0,0.0753968253968254,0,0,0,0,0,0.342898549591259,0,0,0,0,0,0.342898549591259,0,0,0,0,0,0.342898549591259,0,0,0,0,0,0.342898549591259,1,1,1,1,1,1,0,0,0,0,0,0.342898549591259,3,2,2,3,2,2,0,0,0,0,0,0,4
251,300,254,336,284,284,95,130,138,198,105,120,0.378486055776892,0.433333333333333,0.543307086614173,0.589285714285714,0.369718309859155,0.422535211267606,1.22266478401013,1.02959211631947,1.02804138315585,0.926768652674747,0.981751459295439,0.94414348436046,1.22266478401013,1.02959211631947,1.02804138315585,0.926768652674747,0.981751459295439,0.94414348436046,1.22266478401013,1.02959211631947,1.02804138315585,0.926768652674747,0.981751459295439,0.94414348436046,1.22266478401013,1.02959211631947,1.02804138315585,0.926768652674747,0.981751459295439,0.94414348436046,1,1,1,1,1,1,3.66799435203038,2.24477993349145,2.05608276631171,2.64804430258902,2.22344627961578,1.88828696872092,3,2,2,3,2,2,0,0,0,0,0,0,1
737,675,528,612,657,624,0,0,0,23,0,0,0,0,0,0.0375816993464052,0,0,0,0,0,0.168879038509341,0,0,0,0,0,0.168879038509341,0,0,0,0,0,0.168879038509341,0,0,0,0,0,0.168879038509341,0,0,1,1,1,1,1,1,0,0,0,0.168879038509341,0,0,3,2,2,3,2,2,0,0,0,0,0,0,2
163,228,159,158,174,153,0,27,0,0,0,0,0,0.118421052631579,0,0,0,0,0,0.613452006116085,0,0,0,0,0,0.613452006116085,0,0,0,0,0,0.613452006116085,0,0,0,0,0,0.613452006116085,0,0,0,0,1,1,1,1,1,1,0,0.613452006116085,0,0,0,0,3,2,2,3,2,2,0,0,0,0,0,0,15
812,864,704,871,873,741,71,0,0,0,0,0,0.0874384236453202,0,0,0,0,0,0.89406239157074,0,0,0,0,0,0.89406239157074,0,0,0,0,0,0.89406239157074,0,0,0,0,0,0.89406239157074,0,0,0,0,0,1,1,1,1,1,1,0.89406239157074,0,0,0,0,0,3,2,2,3,2,2,0,0,0,0,0,0,5
828,778,642,764,814,760,0,0,0,25,0,0,0,0,0,0.0327225130890052,0,0,0,0,0,0.141338122601099,0,0,0,0,0,0.141338122601099,0,0,0,0,0,0.141338122601099,0,0,0,0,0,0.141338122601099,0,0,1,1,1,1,1,1,0,0,0,0.141338122601099,0,0,3,2,2,3,2,2,0,0,0,0,0,0,2
1409,1657,1272,1508,1510,1488,3,288,345,351,245,262,0.0021291696238467,0.173808086904043,0.27122641509434,0.232758620689655,0.162251655629139,0.176075268817204,0,0.929374652174909,1.00317903806812,0.967135029005673,0.964099275006985,0.79356453411723,0,0.929374652174909,1.00317903806812,0.967135029005673,0.964099275006985,0.79356453411723,0,0.929374652174909,1.00317903806812,0.967135029005673,0.964099275006985,0.79356453411723,0,0.929374652174909,1.00317903806812,0.967135029005673,0.964099275006985,0.79356453411723,1,1,1,1,1,1,0.0190859023599172,0.929374652174909,1.00317903806812,0.967135029005673,0.964099275006985,0.79356453411723,2,2,2,3,2,2,0,0,0,0,0,0,16
273,328,274,304,327,324,53,127,159,167,111,125,0.194139194139194,0.38719512195122,0.58029197080292,0.549342105263158,0.339449541284404,0.385802469135802,0.864024400307151,1.00072833360315,0.98241941539366,0.914374299618701,1.00083810246552,0.858615720211372,0.864024400307151,1.00072833360315,0.98241941539366,0.914374299618701,1.00083810246552,0.858615720211372,0.864024400307151,1.00072833360315,0.98241941539366,0.914374299618701,1.00083810246552,0.858615720211372,0.864024400307151,1.00072833360315,0.98241941539366,0.914374299618701,1.00083810246552,0.858615720211372,1,1,1,1,1,1,1.7280488006143,2.00145666720629,2.141625264635,2.25172603436245,2.00167620493104,1.71723144042274,2,2,2,2,2,2,0,0,0,0,0,0,1
416,434,400,428,443,417,79,190,237,250,164,204,0.189903846153846,0.43778801843318,0.5925,0.58411214953271,0.37020316027088,0.489208633093525,0.845174811385356,1.04327144754792,1.0030872955477,0.972248681669669,1.01792375497211,1.08874944159407,0.845174811385356,1.04327144754792,1.0030872955477,0.972248681669669,1.01792375497211,1.08874944159407,0.845174811385356,1.04327144754792,1.0030872955477,0.972248681669669,1.01792375497211,1.08874944159407,0.845174811385356,1.04327144754792,1.0030872955477,0.972248681669669,1.01792375497211,1.08874944159407,1,1,1,1,1,1,1.69034962277071,2.26297723974556,2.18668021124005,2.39424672073907,2.1929254053654,2.17749888318814,2,2,2,2,2,2,0,0,0,0,0,0,1
544,695,519,608,657,619,0,0,0,0,0,15,0,0,0,0,0,0.024232633279483,0,0,0,0,0,0.107860999036569,0,0,0,0,0,0.107860999036569,0,0,0,0,0,0.107860999036569,0,0,0,0,0,0.107860999036569,1,1,1,1,1,1,0,0,0,0,0,0.107860999036569,2,2,2,2,2,2,0,0,0,0,0,0,8
529,625,479,501,566,531,67,0,3,73,0,0,0.126654064272212,0,0.00626304801670146,0.145708582834331,0,0,0.935233677490854,0,0,0.597252251838496,0,0,0.935233677490854,0,0,0.597252251838496,0,0,0.935233677490854,0,0,0.597252251838496,0,0,0.935233677490854,0,0,0.597252251838496,0,0,1,1,1,1,1,1,1.12735815572409,0,0.0231144019580884,0.597252251838496,0,0,2,2,2,2,2,2,0,0,0,0,0,0,9
534,579,505,618,567,553,96,241,254,369,192,256,0.179775280898876,0.416234887737478,0.502970297029703,0.597087378640777,0.338624338624339,0.462929475587703,1.32748915751846,0.991909224478024,0.928130966545471,0.99384581743336,0.998405062605387,1.03026433703019,1.32748915751846,0.991909224478024,0.928130966545471,0.99384581743336,0.998405062605387,1.03026433703019,1.32748915751846,0.991909224478024,0.928130966545471,0.99384581743336,0.998405062605387,1.03026433703019,1.32748915751846,0.991909224478024,0.928130966545471,0.99384581743336,0.998405062605387,1.03026433703019,1,1,1,1,1,1,1.6001944373719,2.15156659770882,1.85626193309094,2.44743154109879,1.99681012521077,2.06052867406038,2,2,2,2,2,2,0,0,0,0,0,0,1
975,946,774,905,935,912,2,201,252,165,141,205,0.00205128205128205,0.212473572938689,0.325581395348837,0.18232044198895,0.150802139037433,0.224780701754386,0,0.939427936600532,1.0183401642073,0.748149130170767,0.889254562612666,1.00051326555157,0,0.939427936600532,1.0183401642073,0.748149130170767,0.889254562612666,1.00051326555157,0,0.939427936600532,1.0183401642073,0.748149130170767,0.889254562612666,1.00051326555157,0,0.939427936600532,1.0183401642073,0.748149130170767,0.889254562612666,1.00051326555157,1,1,1,1,1,1,0.0182586288366794,1.09830063720911,1.20159053899954,0.748149130170767,0.889254562612666,1.00051326555157,2,2,2,2,2,2,0,0,0,0,0,0,16
779,796,676,718,748,738,83,1,0,2,0,0,0.106546854942234,0.00125628140703518,0,0.00278551532033426,0,0,0.948382245576561,0,0,0,0,0,0.948382245576561,0,0,0,0,0,0.948382245576561,0,0,0,0,0,0.948382245576561,0,0,0,0,0,1,1,1,1,1,1,0.948382245576561,0.00650203324759732,0,0.0114176890972292,0,0,2,2,2,2,2,2,0,0,0,0,0,0,5
498,494,446,510,565,525,0,0,0,22,0,0,0,0,0,0.0431372549019608,0,0,0,0,0,0.176817467627287,0,0,0,0,0,0.176817467627287,0,0,0,0,0,0.176817467627287,0,0,0,0,0,0.176817467627287,0,0,1,1,1,1,1,1,0,0,0,0.176817467627287,0,0,2,2,2,2,2,2,0,0,0,0,0,0,2
596,622,480,505,622,512,129,258,284,268,191,204,0.216442953020134,0.414790996784566,0.591666666666667,0.530693069306931,0.307073954983923,0.3984375,0.963288188730433,0.991656965406078,1.00167648359897,1.08764228061645,0.905381439785769,0.886735385048295,0.963288188730433,0.991656965406078,1.00167648359897,1.08764228061645,0.905381439785769,0.886735385048295,0.963288188730433,0.991656965406078,1.00167648359897,1.08764228061645,0.905381439785769,0.886735385048295,0.963288188730433,0.991656965406078,1.00167648359897,1.08764228061645,0.905381439785769,0.886735385048295,1,1,1,1,1,1,1.92657637746087,2.15101941841078,2.18360471164619,2.17528456123291,1.81076287957154,1.77347077009659,2,2,2,2,2,2,0,0,0,0,0,0,1
76,80,63,60,58,48,16,29,30,37,23,16,0.210526315789474,0.3625,0.476190476190476,0.616666666666667,0.396551724137931,0.333333333333333,0.93695595346118,0.936902353270976,0.878714169676533,1.02643534152806,1.08545002593378,0.741843982262626,0.93695595346118,0.936902353270976,0.878714169676533,1.02643534152806,1.08545002593378,0.741843982262626,0.93695595346118,0.936902353270976,0.878714169676533,1.02643534152806,1.08545002593378,0.741843982262626,0.93695595346118,0.936902353270976,0.878714169676533,1.02643534152806,1.08545002593378,0.741843982262626,1,1,1,1,1,1,1.87391190692236,1.87380470654195,1.75742833935307,2.52768607130827,2.33839806419484,1.48368796452525,2,2,2,2,2,2,0,0,0,0,0,0,1
258,299,267,272,289,327,51,118,144,172,87,128,0.197674418604651,0.394648829431438,0.539325842696629,0.63235294117647,0.301038062283737,0.391437308868502,0.879758060953376,1.01999287451021,0.995217846105557,1.0525449845558,0.887585123508888,0.871156236051524,0.879758060953376,1.01999287451021,0.995217846105557,1.0525449845558,0.887585123508888,0.871156236051524,0.879758060953376,1.01999287451021,0.995217846105557,1.0525449845558,0.887585123508888,0.871156236051524,0.879758060953376,1.01999287451021,0.995217846105557,1.0525449845558,0.887585123508888,0.871156236051524,1,1,1,1,1,1,1.75951612190675,2.03998574902042,1.99043569221111,2.59198333226364,1.77517024701778,1.74231247210305,2,2,2,2,2,2,0,0,0,0,0,0,1
221,352,302,314,339,288,36,105,104,105,89,83,0.16289592760181,0.298295454545455,0.344370860927152,0.334394904458599,0.262536873156342,0.288194444444444,1.35056910489406,1.5641275558457,1.30570299643548,1.03447611982772,1.5699415102939,1.41078083694387,1.35056910489406,1.5641275558457,1.30570299643548,1.03447611982772,1.5699415102939,1.41078083694387,1.35056910489406,1.5641275558457,1.30570299643548,1.03447611982772,1.5699415102939,1.41078083694387,1.35056910489406,1.5641275558457,1.30570299643548,1.03447611982772,1.5699415102939,1.41078083694387,1,1,1,1,1,1,1.62801568411889,1.82864722703274,1.54066433045142,1.5130110655773,1.81220239394728,1.41078083694387,2,2,2,2,2,2,0,0,0,0,0,0,1
932,832,642,832,817,782,83,158,171,236,133,114,0.0890557939914163,0.189903846153846,0.266355140186916,0.283653846153846,0.162790697674419,0.145780051150895,0.8818444061087,0.950461567573364,0.997011702635709,1.05223940216244,0.94119602752886,0.65116606621725,0.8818444061087,0.950461567573364,0.997011702635709,1.05223940216244,0.94119602752886,0.65116606621725,0.8818444061087,0.950461567573364,0.997011702635709,1.05223940216244,0.94119602752886,0.65116606621725,0.8818444061087,0.950461567573364,0.997011702635709,1.05223940216244,0.94119602752886,0.65116606621725,1,1,1,1,1,1,0.8818444061087,0.950461567573364,0.997011702635709,1.31009684570564,0.94119602752886,0.65116606621725,2,1,1,2,1,1,1,1,1,1,1,1,1
587,609,542,650,639,590,130,125,153,238,119,137,0.221465076660988,0.205254515599343,0.282287822878229,0.366153846153846,0.18622848200313,0.232203389830508,1.03881756541051,1.03743728713179,1.03051038131856,0.997288800498344,0.997488890423094,1.03629315183828,1.03881756541051,1.03743728713179,1.03051038131856,0.997288800498344,0.997488890423094,1.03629315183828,1.03881756541051,1.03743728713179,1.03051038131856,0.997288800498344,0.997488890423094,1.03629315183828,1.03881756541051,1.03743728713179,1.03051038131856,0.997288800498344,0.997488890423094,1.03629315183828,1,1,1,1,1,1,2.25113680617628,1.03743728713179,1.03051038131856,1.68067633402035,1.08671086653746,1.03629315183828,2,1,1,2,1,1,1,1,1,1,1,1,1
403,427,349,432,383,392,86,96,89,153,76,96,0.213399503722084,0.224824355971897,0.255014326647564,0.354166666666667,0.198433420365535,0.244897959183673,1.00687072452244,1.0586047025616,0.987648425212493,0.938264145861559,0.991010262908616,1.00170336981665,1.00687072452244,1.0586047025616,0.987648425212493,0.938264145861559,0.991010262908616,1.00170336981665,1.00687072452244,1.0586047025616,0.987648425212493,0.938264145861559,0.991010262908616,1.00170336981665,1.00687072452244,1.0586047025616,0.987648425212493,0.938264145861559,0.991010262908616,1.00170336981665,1,1,1,1,1,1,2.09635686654685,1.16969640610248,0.987648425212493,1.70299009013451,1.19259735679502,1.15524409644495,2,1,1,2,1,1,1,1,1,1,1,1,1
408,429,350,425,453,436,98,91,97,137,80,100,0.240196078431373,0.212121212121212,0.277142857142857,0.322352941176471,0.176600441501104,0.229357798165138,1.13330347680942,0.998790863622671,0.92955770353341,1.14220701560307,0.971637819734256,0.966427364995524,1.13330347680942,0.998790863622671,0.92955770353341,1.14220701560307,0.971637819734256,0.966427364995524,1.13330347680942,0.998790863622671,0.92955770353341,1.14220701560307,0.971637819734256,0.966427364995524,1.13330347680942,0.998790863622671,0.92955770353341,1.14220701560307,0.971637819734256,0.966427364995524,1,1,1,1,1,1,2.35959638871983,1.10360560537889,1.07335030942917,1.55001561698609,1.06137977844195,1.08193732274088,2,1,1,2,1,1,1,1,1,1,1,1,1
836,814,739,924,880,816,74,184,221,268,176,185,0.0885167464114833,0.226044226044226,0.299052774018945,0.29004329004329,0.2,0.22671568627451,0.869555392152,1.06434856509597,1.00304519018888,1.02772284163735,0.998834028142106,0.955294500741899,0.869555392152,1.06434856509597,1.00304519018888,1.02772284163735,0.998834028142106,0.955294500741899,0.869555392152,1.06434856509597,1.00304519018888,1.02772284163735,0.998834028142106,0.955294500741899,0.869555392152,1.06434856509597,1.00304519018888,1.02772284163735,0.998834028142106,0.955294500741899,1,1,1,1,1,1,0.869555392152,1.17604303893658,1.15820552201144,1.39465651384583,1.20201259908551,1.06947382907205,2,1,1,2,1,1,1,1,1,1,1,1,1
246,284,203,268,251,248,21,87,71,68,41,61,0.0853658536585366,0.306338028169014,0.349753694581281,0.253731343283582,0.163346613545817,0.245967741935484,0.853939297544853,0.962723893440529,1.12293009291371,0.904557561955065,0.982265264196772,0.983333933704084,0.853939297544853,0.962723893440529,1.12293009291371,0.904557561955065,0.982265264196772,0.983333933704084,0.853939297544853,0.962723893440529,1.12293009291371,0.904557561955065,0.982265264196772,0.983333933704084,0.853939297544853,0.962723893440529,1.12293009291371,0.904557561955065,0.982265264196772,0.983333933704084,1,1,1,1,1,1,0.853939297544853,1.8359681062006,1.34224978839948,1.20615479851896,0.982265264196772,1.17605982076308,2,2,1,2,1,1,1,1,1,1,1,1,1
977,1006,741,934,882,848,72,319,219,241,143,199,0.0736949846468782,0.317097415506958,0.295546558704453,0.258029978586724,0.162131519274376,0.234669811320755,0.734195506589229,0.996537257491124,1.0005302344685,0.919882286993855,0.974958440567854,0.983451234747239,0.734195506589229,0.996537257491124,1.0005302344685,0.919882286993855,0.974958440567854,0.983451234747239,0.734195506589229,0.996537257491124,1.0005302344685,0.919882286993855,0.974958440567854,0.983451234747239,0.734195506589229,0.996537257491124,1.0005302344685,0.919882286993855,0.974958440567854,0.983451234747239,1,1,1,1,1,1,0.734195506589229,1.90045207547073,1.13421905766619,1.22658908752271,0.974958440567854,1.12204037028881,2,2,1,2,1,1,1,1,1,1,1,1,1
808,1026,747,989,947,906,81,316,242,253,177,212,0.100247524752475,0.307992202729045,0.323962516733601,0.255813953488372,0.186906019007392,0.233995584988962,0.998728510123621,0.968866757419981,1.0401241349337,0.9119821110272,1.02162150968921,0.981709259990114,0.998728510123621,0.968866757419981,1.0401241349337,0.9119821110272,1.02162150968921,0.981709259990114,0.998728510123621,0.968866757419981,1.0401241349337,0.9119821110272,1.02162150968921,0.981709259990114,0.998728510123621,0.968866757419981,1.0401241349337,0.9119821110272,1.02162150968921,0.981709259990114,1,1,1,1,1,1,0.998728510123621,1.8476828900798,1.24327098261427,1.21605483790489,1.12512501656448,1.12005291434543,2,2,1,2,1,1,1,1,1,1,1,1,1
316,335,294,304,308,296,70,50,82,96,39,64,0.221518987341772,0.149253731343284,0.27891156462585,0.31578947368421,0.126623376623377,0.216216216216216,1.05065190811012,0.894518686157094,0.944214862031731,1.12579609877999,0.76143448457572,1.03380712644836,1.05065190811012,0.894518686157094,0.944214862031731,1.12579609877999,0.76143448457572,1.03380712644836,1.05065190811012,0.894518686157094,0.944214862031731,1.12579609877999,0.76143448457572,1.03380712644836,1.05065190811012,0.894518686157094,0.944214862031731,1.12579609877999,0.76143448457572,1.03380712644836,1,1,1,1,1,1,2.2069106318406,0.894518686157094,1.0703789392401,1.50115860372948,0.76143448457572,1.03380712644836,2,2,1,2,1,1,1,1,1,1,1,1,1
314,428,287,393,368,345,31,127,96,113,87,73,0.0987261146496815,0.296728971962617,0.334494773519164,0.287531806615776,0.236413043478261,0.211594202898551,0.983571271588286,0.932525657659603,1.07393932623558,1.02505692285014,1.18689565065244,1.01170762628153,0.983571271588286,0.932525657659603,1.07393932623558,1.02505692285014,1.18689565065244,1.01170762628153,0.983571271588286,0.932525657659603,1.07393932623558,1.02505692285014,1.18689565065244,1.01170762628153,0.983571271588286,0.932525657659603,1.07393932623558,1.02505692285014,1.18689565065244,1.01170762628153,1,1,1,1,1,1,0.983571271588286,1.77837838796979,1.2836906255253,1.36683101026598,1.42164147496453,1.01170762628153,2,2,1,2,1,1,1,1,1,1,1,1,1
454,402,415,386,365,367,39,0,0,0,0,0,0.0859030837004405,0,0,0,0,0,0.926923626513156,0,0,0,0,0,0.926923626513156,0,0,0,0,0,0.926923626513156,0,0,0,0,0,0.926923626513156,0,0,0,0,0,1,1,1,1,1,1,0.926923626513156,0,0,0,0,0,3,2,1,2,1,1,1,1,1,1,1,1,5
262,279,247,254,261,233,79,65,58,88,45,58,0.301526717557252,0.232974910394265,0.234817813765182,0.346456692913386,0.172413793103448,0.248927038626609,1.04627984067357,1.26763447847808,0.957652676888835,0.927527748100052,1.02786203382586,0.977459478169838,1.04627984067357,1.26763447847808,0.957652676888835,0.927527748100052,1.02786203382586,0.977459478169838,1.04627984067357,1.26763447847808,0.957652676888835,0.927527748100052,1.02786203382586,0.977459478169838,1.04627984067357,1.26763447847808,0.957652676888835,0.927527748100052,1.02786203382586,0.977459478169838,1,1,1,1,1,1,3.25357631518114,1.38957659055361,0.957652676888835,1.62922117847663,1.02786203382586,1.19553355816086,3,2,1,2,1,1,1,1,1,1,1,1,1
702,688,552,631,646,586,0,0,0,19,0,0,0,0,0,0.0301109350237718,0,0,0,0,0,0.141597417651063,0,0,0,0,0,0.141597417651063,0,0,0,0,0,0.141597417651063,0,0,0,0,0,0.141597417651063,0,0,1,1,1,1,1,1,0,0,0,0.141597417651063,0,0,3,2,1,2,1,1,1,1,1,1,1,1,2
909,698,616,659,634,652,234,107,135,203,107,136,0.257425742574257,0.153295128939828,0.219155844155844,0.30804248861912,0.168769716088328,0.208588957055215,0.927740797889054,0.903756450693027,0.905265168683674,1.11738273987012,1.04260942584378,1.01016234154501,0.927740797889054,0.903756450693027,0.905265168683674,1.11738273987012,1.04260942584378,1.01016234154501,0.927740797889054,0.903756450693027,0.905265168683674,1.11738273987012,1.04260942584378,1.01016234154501,0.927740797889054,0.903756450693027,0.905265168683674,1.11738273987012,1.04260942584378,1.01016234154501,1,1,1,1,1,1,2.78322239366716,0.903756450693027,0.905265168683674,1.46522468487084,1.04260942584378,1.01016234154501,3,2,1,2,1,1,1,1,1,1,1,1,1
1255,1136,900,1063,1005,935,1,60,0,0,0,0,0.000796812749003984,0.0528169014084507,0,0,0,0,0,0.311383771184546,0,0,0,0,0,0.311383771184546,0,0,0,0,0,0.311383771184546,0,0,0,0,0,0.311383771184546,0,0,0,0,1,1,1,1,1,1,0.0086149390671279,0.311383771184546,0,0,0,0,3,2,1,2,1,1,1,1,1,1,1,1,10
418,452,395,419,402,429,121,72,101,144,70,84,0.289473684210526,0.15929203539823,0.255696202531646,0.343675417661098,0.174129353233831,0.195804195804196,1.00495969851091,0.939111409023835,1.05620211410827,0.903705438716861,0.943517679703909,0.948247825341716,1.00495969851091,0.939111409023835,1.05620211410827,0.903705438716861,0.943517679703909,0.948247825341716,1.00495969851091,0.939111409023835,1.05620211410827,0.903705438716861,0.943517679703909,0.948247825341716,1.00495969851091,0.939111409023835,1.05620211410827,0.903705438716861,0.943517679703909,0.948247825341716,1,1,1,1,1,1,3.12971667951844,0.939111409023835,1.05620211410827,1.63471509335508,1.07571968007967,0.948247825341716,3,2,1,2,1,1,1,1,1,1,1,1,1
1807,1585,1158,1315,1384,1237,397,242,256,451,213,227,0.219701162147205,0.152681388012618,0.221070811744387,0.342965779467681,0.153901734104046,0.183508488278092,0.53138226053741,0.900138120966204,0.913175308902582,0.901839422522637,0.950759427399894,0.888701716665246,0.53138226053741,0.900138120966204,0.913175308902582,0.901839422522637,0.950759427399894,0.888701716665246,0.53138226053741,0.900138120966204,0.913175308902582,0.901839422522637,0.950759427399894,0.888701716665246,0.53138226053741,0.900138120966204,0.913175308902582,0.901839422522637,0.950759427399894,0.888701716665246,1,1,1,1,1,1,2.37535371671858,0.900138120966204,0.913175308902582,1.63133965186003,0.950759427399894,0.888701716665246,3,2,1,2,1,1,1,1,1,1,1,1,1
187,212,177,157,179,180,0,0,59,0,0,0,0,0,0.333333333333333,0,0,0,0,0,0.93499663552681,0,0,0,0,0,0.93499663552681,0,0,0,0,0,0.93499663552681,0,0,0,0,0,0.93499663552681,0,0,0,1,1,1,1,1,1,0,0,1.37689714545467,0,0,0,3,2,1,2,1,1,1,1,1,1,1,1,6
197,210,176,191,181,210,21,63,62,47,30,36,0.106598984771574,0.3,0.352272727272727,0.246073298429319,0.165745856353591,0.171428571428571,1.0343279035252,0.96174692277104,0.988121444363561,0.892597828437245,1.02392891410898,0.83020064708489,1.0343279035252,0.96174692277104,0.988121444363561,0.892597828437245,1.02392891410898,0.83020064708489,1.0343279035252,0.96174692277104,0.988121444363561,0.892597828437245,1.02392891410898,0.83020064708489,1.0343279035252,0.96174692277104,0.988121444363561,0.892597828437245,1.02392891410898,0.83020064708489,1,1,1,1,1,1,1.15252141682313,1.76865982032822,1.45512993781005,1.17046409007568,1.02392891410898,0.83020064708489,3,2,1,2,1,1,1,1,1,1,1,1,1
125,145,95,111,115,98,12,57,35,33,18,30,0.096,0.393103448275862,0.368421052631579,0.297297297297297,0.156521739130435,0.306122448979592,1.03792785880757,1.26022010569998,1.03341733400332,1.07840600203948,0.966945044106395,1.1867170015992,1.03792785880757,1.26022010569998,1.03341733400332,1.07840600203948,0.966945044106395,1.1867170015992,1.03792785880757,1.26022010569998,1.03341733400332,1.07840600203948,0.966945044106395,1.1867170015992,1.03792785880757,1.26022010569998,1.03341733400332,1.07840600203948,0.966945044106395,1.1867170015992,1,1,1,1,1,1,1.03792785880757,2.31755424732664,1.52183368708148,1.41411446420299,0.966945044106395,1.48250115550873,3,2,1,2,1,1,1,1,1,1,1,1,1
340,369,275,345,368,320,0,0,0,18,0,0,0,0,0,0.0521739130434783,0,0,0,0,0,0.232210699623133,0,0,0,0,0,0.232210699623133,0,0,0,0,0,0.232210699623133,0,0,0,0,0,0.232210699623133,0,0,1,1,1,1,1,1,0,0,0,0.232210699623133,0,0,2,2,1,2,2,1,1,1,1,1,1,1,2
615,679,518,643,638,608,1,121,136,1,74,180,0.0016260162601626,0.17820324005891,0.262548262548263,0.0015552099533437,0.115987460815047,0.296052631578947,0,1.05321664498566,0.985891599366804,0,0.727903800416978,1.10380925634218,0,1.05321664498566,0.985891599366804,0,0.727903800416978,1.10380925634218,0,1.05321664498566,0.985891599366804,0,0.727903800416978,1.10380925634218,0,1.05321664498566,0.985891599366804,0,0.727903800416978,1.10380925634218,1,1,1,1,1,1,0.0152560001187271,1.05321664498566,0.985891599366804,0.00692178083376367,0.727903800416978,1.424165397058,2,2,1,2,2,1,1,1,1,1,1,1,7
1096,1123,832,1009,1020,953,112,195,227,226,180,219,0.102189781021898,0.173642030276046,0.272836538461538,0.22398414271556,0.176470588235294,0.229800629590766,0.9587894965127,1.02625898662325,1.02452497174725,0.996887360952298,1.10747843720039,1.0275293412353,0.9587894965127,1.02625898662325,1.02452497174725,0.996887360952298,1.10747843720039,1.0275293412353,0.9587894965127,1.02625898662325,1.02452497174725,0.996887360952298,1.10747843720039,1.0275293412353,0.9587894965127,1.02625898662325,1.02452497174725,0.996887360952298,1.10747843720039,1.0275293412353,1,1,1,1,1,1,0.9587894965127,1.02625898662325,1.02452497174725,0.996887360952298,1.10747843720039,1.10545919872372,2,2,1,2,2,1,1,1,1,1,1,1,1
567,625,460,596,541,551,127,213,141,281,136,164,0.223985890652557,0.3408,0.306521739130435,0.471476510067114,0.251386321626617,0.297640653357532,1.06392428312467,1.01269518154946,0.966004185194134,1.0392597602571,0.918706575631049,1.04439165362429,1.06392428312467,1.01269518154946,0.966004185194134,1.0392597602571,0.918706575631049,1.04439165362429,1.06392428312467,1.01269518154946,0.966004185194134,1.0392597602571,0.918706575631049,1.04439165362429,1.06392428312467,1.01269518154946,0.966004185194134,1.0392597602571,0.918706575631049,1.04439165362429,1,1,1,1,1,1,2.16840433971204,2.041826170133,1.17120737114588,2.26343420497257,1.62507127213523,1.48940659340783,2,2,1,2,2,1,1,1,1,1,1,1,1
201,282,216,233,236,223,42,89,62,95,56,58,0.208955223880597,0.315602836879433,0.287037037037037,0.407725321888412,0.23728813559322,0.260089686098655,0.992529199605554,0.94543153126268,1.00267141067507,0.978690793804674,0.867183898782348,0.912629018553133,0.992529199605554,0.94543153126268,1.00267141067507,0.978690793804674,0.867183898782348,0.912629018553133,0.992529199605554,0.94543153126268,1.00267141067507,0.978690793804674,0.867183898782348,0.912629018553133,0.992529199605554,0.94543153126268,1.00267141067507,0.978690793804674,0.867183898782348,0.912629018553133,1,1,1,1,1,1,2.02289266055167,1.89086306252536,1.0943728450246,1.95738158760935,1.53393442362316,1.30149994291063,2,2,1,2,2,1,1,1,1,1,1,1,1
752,786,632,692,741,728,0,0,0,18,0,0,0,0,0,0.0260115606936416,0,0,0,0,0,0.124874633076264,0,0,0,0,0,0.124874633076264,0,0,0,0,0,0.124874633076264,0,0,0,0,0,0.124874633076264,0,0,1,1,1,1,1,1,0,0,0,0.124874633076264,0,0,2,2,1,2,2,1,1,1,1,1,1,1,2
320,322,215,308,294,290,0,0,0,0,0,15,0,0,0,0,0,0.0517241379310345,0,0,0,0,0,0.266207606506442,0,0,0,0,0,0.266207606506442,0,0,0,0,0,0.266207606506442,0,0,0,0,0,0.266207606506442,1,1,1,1,1,1,0,0,0,0,0,0.266207606506442,2,2,1,2,2,1,1,1,1,1,1,1,4
166,313,194,298,218,216,29,80,41,94,47,41,0.174698795180723,0.255591054313099,0.211340206185567,0.315436241610738,0.215596330275229,0.189814814814815,0.983292043738866,1.8204589204723,0.962161207125022,1.41244902302282,0.93772280465111,1.05536002874252,0.983292043738866,1.8204589204723,0.962161207125022,1.41244902302282,0.93772280465111,1.05536002874252,0.983292043738866,1.8204589204723,0.962161207125022,1.41244902302282,0.93772280465111,1.05536002874252,0.983292043738866,1.8204589204723,0.962161207125022,1.41244902302282,0.93772280465111,1.05536002874252,1,1,1,1,1,1,1.96658408747773,1.8204589204723,0.962161207125022,1.68813663544926,1.62925149246005,1.05536002874252,2,2,1,2,2,1,1,1,1,1,1,1,1
402,466,377,444,427,411,0,54,0,0,0,0,0,0.11587982832618,0,0,0,0,0,0.695946885122464,0,0,0,0,0,0.695946885122464,0,0,0,0,0,0.695946885122464,0,0,0,0,0,0.695946885122464,0,0,0,0,1,1,1,1,1,1,0,0.695946885122464,0,0,0,0,2,2,1,2,2,1,1,1,1,1,1,1,15
291,378,256,310,346,343,61,119,78,139,74,88,0.209621993127148,0.314814814814815,0.3046875,0.448387096774194,0.213872832369942,0.256559766763848,1.05080924294418,0.945351718782606,0.986245578527463,0.990303624969054,0.794677548699404,1.06774569473281,1.05080924294418,0.945351718782606,0.986245578527463,0.990303624969054,0.794677548699404,1.06774569473281,1.05080924294418,0.945351718782606,0.986245578527463,0.990303624969054,0.794677548699404,1.06774569473281,1.05080924294418,0.945351718782606,0.986245578527463,0.990303624969054,0.794677548699404,1.06774569473281,1,1,1,1,1,1,2.10161848588835,1.89070343756521,1.14428878614637,2.17389878647843,1.3807167489381,1.29702685782751,2,2,1,2,2,1,1,1,1,1,1,1,1
210,229,201,179,222,235,1,34,42,0,35,51,0.00476190476190476,0.148471615720524,0.208955223880597,0,0.157657657657658,0.217021276595745,0,0.891685464004554,0.784755263977919,0,1.01780373932556,0.903195137232157,0,0.891685464004554,0.784755263977919,0,1.01780373932556,0.903195137232157,0,0.891685464004554,0.784755263977919,0,1.01780373932556,0.903195137232157,0,0.891685464004554,0.784755263977919,0,1.01780373932556,0.903195137232157,1,1,1,1,1,1,0.0477416845740445,0.891685464004554,0.784755263977919,0,1.01780373932556,1.09714172262943,2,2,1,2,2,1,1,1,1,1,1,1,7
143,229,148,193,159,205,17,47,46,39,28,65,0.118881118881119,0.205240174672489,0.310810810810811,0.202072538860104,0.176100628930818,0.317073170731707,0.975040078828719,1.232624023771,1.00606617573973,0.979700910594709,1.13686757298252,1.14801567219575,0.975040078828719,1.232624023771,1.00606617573973,0.979700910594709,1.13686757298252,1.14801567219575,0.975040078828719,1.232624023771,1.00606617573973,0.979700910594709,1.13686757298252,1.14801567219575,0.975040078828719,1.232624023771,1.00606617573973,0.979700910594709,1.13686757298252,1.14801567219575,1,1,1,1,1,1,1.19187282468069,1.232624023771,1.16728558087835,0.979700910594709,1.13686757298252,1.60294976692152,2,2,1,2,2,1,1,1,1,1,1,1,1
1229,1422,1039,1396,1445,1353,130,248,282,294,197,306,0.105777054515867,0.174402250351617,0.271414821944177,0.210601719197708,0.136332179930796,0.226164079822616,0.957368699499626,1.04815583209311,1.01932943473112,1.0042655923057,0.880131067437749,0.941245486694266,0.957368699499626,1.04815583209311,1.01932943473112,1.0042655923057,0.880131067437749,0.941245486694266,0.957368699499626,1.04815583209311,1.01932943473112,1.0042655923057,0.880131067437749,0.941245486694266,0.957368699499626,1.04815583209311,1.01932943473112,1.0042655923057,0.880131067437749,0.941245486694266,1,1,1,1,1,1,1.06049470209228,1.04815583209311,1.01932943473112,1.02105262414527,0.880131067437749,1.14336277081116,2,2,1,2,2,1,1,1,1,1,1,1,1
570,731,642,716,663,621,1,0,121,0,0,0,0.00175438596491228,0,0.188473520249221,0,0,0,0,0,0.858056841275464,0,0,0,0,0,0.858056841275464,0,0,0,0,0,0.858056841275464,0,0,0,0,0,0.858056841275464,0,0,0,1,1,1,1,1,1,0.0197491202977195,0,0.858056841275464,0,0,0,2,2,1,2,2,1,1,1,1,1,1,1,6
1308,1386,946,1297,1314,1242,154,216,275,258,204,302,0.117737003058104,0.155844155844156,0.290697674418605,0.198920585967618,0.155251141552511,0.243156199677939,1.11584634196513,0.927739747239629,1.01254711142775,0.936424289036325,1.00366738152278,0.971452938304591,1.11584634196513,0.927739747239629,1.01254711142775,0.936424289036325,1.00366738152278,0.971452938304591,1.11584634196513,0.927739747239629,1.01254711142775,0.936424289036325,1.00366738152278,0.971452938304591,1.11584634196513,0.927739747239629,1.01254711142775,0.936424289036325,1.00366738152278,0.971452938304591,1,1,1,1,1,1,1.11584634196513,0.927739747239629,1.08599332861131,0.936424289036325,1.00366738152278,1.23935535603507,2,2,1,2,2,1,1,1,1,1,1,1,1
708,865,596,736,756,705,70,135,172,170,92,187,0.0988700564971751,0.15606936416185,0.288590604026846,0.230978260869565,0.121693121693122,0.265248226950355,0.937035834161783,0.929080411614253,1.00520784377444,0.974256853534683,0.786721537617528,0.982004688692158,0.937035834161783,0.929080411614253,1.00520784377444,0.974256853534683,0.786721537617528,0.982004688692158,0.937035834161783,0.929080411614253,1.00520784377444,0.974256853534683,0.786721537617528,0.982004688692158,0.937035834161783,0.929080411614253,1.00520784377444,0.974256853534683,0.786721537617528,0.982004688692158,1,1,1,1,1,1,0.937035834161783,0.929080411614253,1.07812169911534,1.08733670105335,0.786721537617528,1.3519573475204,2,2,1,2,2,1,1,1,1,1,1,1,1
235,288,205,308,270,247,40,45,47,85,46,46,0.170212765957447,0.15625,0.229268292682927,0.275974025974026,0.17037037037037,0.186234817813765,0.856495555001627,0.933396696917919,0.856504396926231,1.1640471496778,1.07698889317113,0.949229833512017,0.856495555001627,0.933396696917919,0.856504396926231,1.1640471496778,1.07698889317113,0.949229833512017,0.856495555001627,0.933396696917919,0.856504396926231,1.1640471496778,1.07698889317113,0.949229833512017,0.856495555001627,0.933396696917919,0.856504396926231,1.1640471496778,1.07698889317113,0.949229833512017,1,1,1,1,1,1,1.61318266404022,0.933396696917919,0.856504396926231,1.29915553892089,1.10141015266454,0.949229833512017,2,2,1,2,2,1,1,1,1,1,1,1,1
696,693,496,619,662,570,144,201,145,272,151,117,0.206896551724138,0.29004329004329,0.292338709677419,0.439418416801292,0.22809667673716,0.205263157894737,1.03267022153137,0.897565658991169,1.02847417056424,1.02576778421417,0.935353139028344,0.983305579369742,1.03267022153137,0.897565658991169,1.02847417056424,1.02576778421417,0.935353139028344,0.983305579369742,1.03267022153137,0.897565658991169,1.02847417056424,1.02576778421417,0.935353139028344,0.983305579369742,1.03267022153137,0.897565658991169,1.02847417056424,1.02576778421417,0.935353139028344,0.983305579369742,1,1,1,1,1,1,2.04026445073866,1.66093887106289,1.0690016213907,2.03597982938766,1.42598094116644,0.983305579369742,2,2,1,2,2,1,1,1,1,1,1,1,1
348,455,284,342,357,304,47,75,84,67,52,72,0.135057471264368,0.164835164835165,0.295774647887324,0.195906432748538,0.145658263305322,0.236842105263158,1.11927858020083,0.943931964610945,0.9756622078867,0.907703296613718,0.910604706600505,1.02944809950263,1.11927858020083,0.943931964610945,0.9756622078867,0.907703296613718,0.910604706600505,1.02944809950263,1.11927858020083,0.943931964610945,0.9756622078867,0.907703296613718,0.910604706600505,1.02944809950263,1.11927858020083,0.943931964610945,0.9756622078867,0.907703296613718,0.910604706600505,1.02944809950263,1,1,1,1,1,1,1.33183929423218,0.943931964610945,1.08156589493982,0.907703296613718,0.910604706600505,1.13458336081124,2,2,1,2,2,1,1,1,1,1,1,1,1
245,367,302,353,346,327,58,136,99,161,109,94,0.236734693877551,0.370572207084469,0.327814569536424,0.456090651558074,0.315028901734104,0.287461773700306,1.18159953239168,1.14676980531402,1.08135125500404,1.06468704806491,1.29183500757967,1.10707062578265,1.18159953239168,1.14676980531402,1.08135125500404,1.06468704806491,1.29183500757967,1.10707062578265,1.18159953239168,1.14676980531402,1.08135125500404,1.06468704806491,1.29183500757967,1.10707062578265,1.18159953239168,1.14676980531402,1.08135125500404,1.06468704806491,1.29183500757967,1.10707062578265,1,1,1,1,1,1,2.33450667084519,2.12208937221163,1.19872700654873,2.11322814756858,1.96945091973907,1.37707501352965,2,2,1,2,2,1,1,1,1,1,1,1,1
405,417,320,475,477,414,72,142,94,207,102,136,0.177777777777778,0.34052757793765,0.29375,0.43578947368421,0.213836477987421,0.328502415458937,0.887331449612142,1.05379393486626,0.968983567773191,1.01729646667736,0.876876523522428,1.26512603735753,0.887331449612142,1.05379393486626,0.968983567773191,1.01729646667736,0.876876523522428,1.26512603735753,0.887331449612142,1.05379393486626,0.968983567773191,1.01729646667736,0.876876523522428,1.26512603735753,0.887331449612142,1.05379393486626,0.968983567773191,1.01729646667736,0.876876523522428,1.26512603735753,1,1,1,1,1,1,1.7531161206347,1.95003818492448,1.07416231887327,2.01916566160162,1.33683114764356,1.57367869261205,2,2,1,2,2,1,1,1,1,1,1,1,1
537,671,444,607,621,523,102,216,135,284,174,147,0.189944134078212,0.321907600596125,0.304054054054054,0.467874794069193,0.280193236714976,0.281070745697897,0.948056646582806,0.996172701048187,1.00297321563642,1.09219566693547,1.1489848394322,1.08245754669757,0.948056646582806,0.996172701048187,1.00297321563642,1.09219566693547,1.1489848394322,1.08245754669757,0.948056646582806,0.996172701048187,1.00297321563642,1.09219566693547,1.1489848394322,1.08245754669757,0.948056646582806,0.996172701048187,1.00297321563642,1.09219566693547,1.1489848394322,1.08245754669757,1,1,1,1,1,1,1.87309194453289,1.8434105013803,1.11184138813795,2.16782821789317,1.75167048075716,1.34645902984737,2,2,1,2,2,1,1,1,1,1,1,1,1
249,368,267,324,288,281,52,128,74,140,89,86,0.208835341365462,0.347826086956522,0.277153558052434,0.432098765432099,0.309027777777778,0.306049822064057,1.04234718478535,1.07637984283951,1.01347373140964,1.00868096609477,1.26722627495567,1.17865677815778,1.04234718478535,1.07637984283951,1.01347373140964,1.00868096609477,1.26722627495567,1.17865677815778,1.04234718478535,1.07637984283951,1.01347373140964,1.00868096609477,1.26722627495567,1.17865677815778,1.04234718478535,1.07637984283951,1.01347373140964,1.00868096609477,1.26722627495567,1.17865677815778,1,1,1,1,1,1,2.05938339472149,1.99183324706309,1.01347373140964,2.0020653142558,1.93193398389542,1.46612037292651,2,2,1,2,2,1,1,1,1,1,1,1,1
1078,1152,784,1107,1095,998,105,186,253,212,169,216,0.0974025974025974,0.161458333333333,0.322704081632653,0.191508581752484,0.154337899543379,0.216432865731463,0.970164768645063,0.958482853454715,1.05106558800534,0.90846980466443,1.0227306910264,1.01437975000132,0.970164768645063,0.958482853454715,1.05106558800534,0.90846980466443,1.0227306910264,1.01437975000132,0.970164768645063,0.958482853454715,1.05106558800534,0.90846980466443,1.0227306910264,1.01437975000132,0.970164768645063,0.958482853454715,1.05106558800534,0.90846980466443,1.0227306910264,1.01437975000132,1,1,1,1,1,1,0.970164768645063,0.958482853454715,1.21268558363731,0.90846980466443,1.0227306910264,1.03751273764657,2,2,1,2,2,1,1,1,1,1,1,1,1
483,462,346,407,409,406,37,59,100,70,52,95,0.0766045548654244,0.127705627705628,0.289017341040462,0.171990171990172,0.127139364303178,0.233990147783251,0.768076547571267,0.768832441279109,0.985529857831745,0.833464835046263,0.844475116231302,0.923006124347209,0.768076547571267,0.768832441279109,0.985529857831745,0.833464835046263,0.844475116231302,0.923006124347209,0.768076547571267,0.768832441279109,0.985529857831745,0.833464835046263,0.844475116231302,0.923006124347209,0.768076547571267,0.768832441279109,0.985529857831745,0.833464835046263,0.844475116231302,0.923006124347209,1,1,1,1,1,1,0.768076547571267,0.768832441279109,1.10932348190586,0.833464835046263,0.844475116231302,1.21187287871226,2,2,1,2,2,1,1,1,1,1,1,1,1
592,677,508,638,671,592,106,222,130,277,161,143,0.179054054054054,0.327917282127031,0.255905511811024,0.434169278996865,0.239940387481371,0.241554054054054,0.885999630803021,0.993329010173054,0.96943726411675,0.972397414940464,0.898809800192175,1.15537243159284,0.885999630803021,0.993329010173054,0.96943726411675,0.972397414940464,0.898809800192175,1.15537243159284,0.885999630803021,0.993329010173054,0.96943726411675,0.972397414940464,0.898809800192175,1.15537243159284,0.885999630803021,0.993329010173054,0.96943726411675,0.972397414940464,0.898809800192175,1.15537243159284,1,1,1,1,1,1,1.77199926160604,1.98665802034611,0.96943726411675,2.12498147867527,1.56926683875244,1.15537243159284,2,2,1,2,2,1,1,1,1,1,1,1,1
165,215,147,214,193,180,16,2,1,26,1,0,0.096969696969697,0.00930232558139535,0.00680272108843537,0.121495327102804,0.00518134715025907,0,0.959655632128784,0,0,0.594642072409078,0,0,0.959655632128784,0,0,0.594642072409078,0,0,0.959655632128784,0,0,0.594642072409078,0,0,0.959655632128784,0,0,0.594642072409078,0,0,1,1,1,1,1,1,0.959655632128784,0.0563573215912137,0.0257704934678864,0.594642072409078,0.0337862296889705,0,2,2,1,2,2,1,1,1,1,1,1,1,9
1301,1420,1053,1314,1385,1151,147,227,313,312,228,233,0.112990007686395,0.159859154929577,0.297245963912631,0.237442922374429,0.164620938628159,0.202432667245873,0.952032354059815,0.969175151606478,1.02488760321164,0.980452306846025,1.01219482934101,0.968251697971303,0.952032354059815,0.969175151606478,1.02488760321164,0.980452306846025,1.01219482934101,0.968251697971303,0.952032354059815,0.969175151606478,1.02488760321164,0.980452306846025,1.01219482934101,0.968251697971303,0.952032354059815,0.969175151606478,1.02488760321164,0.980452306846025,1.01219482934101,0.968251697971303,1,1,1,1,1,1,1.11819981539602,0.969175151606478,1.12604575019081,1.16213153877208,1.07345072291224,0.968251697971303,2,2,1,2,2,1,1,1,1,1,1,1,1
458,538,446,509,544,558,43,0,0,0,0,0,0.0938864628820961,0,0,0,0,0,0.973722454228085,0,0,0,0,0,0.973722454228085,0,0,0,0,0,0.973722454228085,0,0,0,0,0,0.973722454228085,0,0,0,0,0,1,1,1,1,1,1,0.973722454228085,0,0,0,0,0,2,2,1,2,2,2,1,1,1,1,1,1,5
392,501,313,405,428,439,0,0,0,12,0,0,0,0,0,0.0296296296296296,0,0,0,0,0,0.136873576557982,0,0,0,0,0,0.136873576557982,0,0,0,0,0,0.136873576557982,0,0,0,0,0,0.136873576557982,0,0,1,1,1,1,1,1,0,0,0,0.136873576557982,0,0,2,2,1,2,2,2,1,1,1,1,1,1,2
408,444,374,367,395,433,0,0,0,20,0,0,0,0,0,0.0544959128065395,0,0,0,0,0,0.247151889203353,0,0,0,0,0,0.247151889203353,0,0,0,0,0,0.247151889203353,0,0,0,0,0,0.247151889203353,0,0,1,1,1,1,1,1,0,0,0,0.247151889203353,0,0,2,2,1,2,1,2,1,1,1,1,1,1,2
206,175,134,169,150,146,29,20,37,34,27,31,0.140776699029126,0.114285714285714,0.276119402985075,0.201183431952663,0.18,0.212328767123288,1.01354830018474,0.651270366748206,1.01652765902034,0.912414577952498,1.08833059411606,1.08658309224551,1.01354830018474,0.651270366748206,1.01652765902034,0.912414577952498,1.08833059411606,1.08658309224551,1.01354830018474,0.651270366748206,1.01652765902034,0.912414577952498,1.08833059411606,1.08658309224551,1.01354830018474,0.651270366748206,1.01652765902034,0.912414577952498,1.08833059411606,1.08658309224551,1,1,1,1,1,1,1.37563056943941,0.651270366748206,1.01652765902034,0.912414577952498,1.12122220422109,1.08658309224551,2,2,1,2,1,2,1,1,1,1,1,1,1
977,1234,907,1112,1158,1177,228,416,259,482,290,432,0.233367451381781,0.337115072933549,0.285556780595369,0.433453237410072,0.250431778929188,0.367034834324554,1.16226783384589,1.01238089312172,1.0097975245729,0.985816756482123,0.980608944079347,0.966321550154441,1.16226783384589,1.01238089312172,1.0097975245729,0.985816756482123,0.980608944079347,0.966321550154441,1.16226783384589,1.01238089312172,1.0097975245729,0.985816756482123,0.980608944079347,0.966321550154441,1.16226783384589,1.01238089312172,1.0097975245729,0.985816756482123,0.980608944079347,0.966321550154441,1,1,1,1,1,1,2.19352005320238,1.93978867946465,1.05936260324595,1.97163351296425,1.58674753269873,1.89506173518442,2,2,1,2,2,2,1,1,1,1,1,1,1
348,381,351,294,362,390,78,138,145,127,100,121,0.224137931034483,0.362204724409449,0.413105413105413,0.431972789115646,0.276243093922652,0.31025641025641,1.10841798028236,1.06411279289258,0.973598993034757,1.00273015953518,0.949434069836123,0.858302752188696,1.10841798028236,1.06411279289258,0.973598993034757,1.00273015953518,0.949434069836123,0.858302752188696,1.10841798028236,1.06411279289258,0.973598993034757,1.00273015953518,0.949434069836123,0.858302752188696,1.10841798028236,1.06411279289258,0.973598993034757,1.00273015953518,0.949434069836123,0.858302752188696,1,1,1,1,1,1,2.14372611259462,2.21014302664461,1.94719798606951,2.00546031907036,1.86544937433166,1.71660550437739,2,2,2,2,2,2,1,1,1,1,1,1,1
453,329,376,352,378,370,38,0,4,62,0,0,0.0838852097130243,0,0.0106382978723404,0.176136363636364,0,0,0.80230469556097,0,0.0501442768239471,0.817723932892237,0,0,0.80230469556097,0,0.0501442768239471,0.817723932892237,0,0,0.80230469556097,0,0.0501442768239471,0.817723932892237,0,0,0.80230469556097,0,0.0501442768239471,0.817723932892237,0,0,1,1,1,1,1,1,0.80230469556097,0,0.0501442768239471,0.817723932892237,0,0,2,2,2,2,2,2,1,1,1,1,1,1,21
906,917,884,816,939,911,168,333,398,330,265,309,0.185430463576159,0.363140676117775,0.450226244343891,0.404411764705882,0.282215122470714,0.339187705817783,0.919028658940718,1.06686250353753,0.996611536655386,0.938753281593555,0.969959641313943,0.938339166534457,0.919028658940718,1.06686250353753,0.996611536655386,0.938753281593555,0.969959641313943,0.938339166534457,0.919028658940718,1.06686250353753,0.996611536655386,0.938753281593555,0.969959641313943,0.938339166534457,0.919028658940718,1.06686250353753,0.996611536655386,0.938753281593555,0.969959641313943,0.938339166534457,1,1,1,1,1,1,1.77743934999336,2.2158541259264,2.1221693263999,1.87750656318711,1.90577804557653,1.87667833306891,2,2,2,2,2,2,1,1,1,1,1,1,1
164,181,172,140,136,192,9,41,45,25,19,41,0.0548780487804878,0.226519337016575,0.261627906976744,0.178571428571429,0.139705882352941,0.213541666666667,0.528091095221517,1.28340326520413,1.0919214690058,0.829028872056646,0.943423587989201,1.10734607618474,0.528091095221517,1.28340326520413,1.0919214690058,0.829028872056646,0.943423587989201,1.10734607618474,0.528091095221517,1.28340326520413,1.0919214690058,0.829028872056646,0.943423587989201,1.10734607618474,0.528091095221517,1.28340326520413,1.0919214690058,0.829028872056646,0.943423587989201,1.10734607618474,1,1,1,1,1,1,0.528091095221517,1.38220210662245,1.2331993660773,0.829028872056646,0.943423587989201,1.18149629885479,2,2,2,2,2,2,1,1,1,1,1,1,1
401,601,460,471,466,480,80,222,220,242,134,156,0.199501246882793,0.369384359400998,0.478260869565217,0.51380042462845,0.28755364806867,0.325,0.986583431519308,1.08520567470207,1.05866840533504,1.19267508217746,0.988307893983061,0.899089866445596,0.986583431519308,1.08520567470207,1.05866840533504,1.19267508217746,0.988307893983061,0.899089866445596,0.986583431519308,1.08520567470207,1.05866840533504,1.19267508217746,0.988307893983061,0.899089866445596,0.986583431519308,1.08520567470207,1.05866840533504,1.19267508217746,0.988307893983061,0.899089866445596,1,1,1,1,1,1,1.90809306779955,2.25395256070383,2.25431227112875,2.38535016435492,1.94182871781287,1.79817973289119,2,2,2,2,2,2,1,1,1,1,1,1,1
426,566,542,499,563,526,47,63,129,112,82,89,0.110328638497653,0.1113074204947,0.238007380073801,0.224448897795591,0.145648312611012,0.169201520912548,1.05521801786438,0.679188598716529,0.993339629122619,1.04201785281348,0.983552384150282,0.936168448244025,1.05521801786438,0.679188598716529,0.993339629122619,1.04201785281348,0.983552384150282,0.936168448244025,1.05521801786438,0.679188598716529,0.993339629122619,1.04201785281348,0.983552384150282,0.936168448244025,1.05521801786438,0.679188598716529,0.993339629122619,1.04201785281348,0.983552384150282,0.936168448244025,1,1,1,1,1,1,1.05521801786438,0.679188598716529,1.12186254754093,1.04201785281348,0.983552384150282,0.936168448244025,2,2,2,2,2,2,1,1,1,1,1,1,1
125,161,129,134,147,128,12,27,36,34,23,30,0.096,0.167701863354037,0.27906976744186,0.253731343283582,0.156462585034014,0.234375,0.918174384225144,0.998407786310919,1.16471623360619,1.17796341223571,1.05658037351601,1.21537983971496,0.918174384225144,0.998407786310919,1.16471623360619,1.17796341223571,1.05658037351601,1.21537983971496,0.918174384225144,0.998407786310919,1.16471623360619,1.17796341223571,1.05658037351601,1.21537983971496,0.918174384225144,0.998407786310919,1.16471623360619,1.17796341223571,1.05658037351601,1.21537983971496,1,1,1,1,1,1,0.918174384225144,1.02330278670867,1.31541265714913,1.17796341223571,1.05658037351601,1.29676423045038,2,2,2,2,2,2,1,1,1,1,1,1,1
560,463,510,425,519,426,0,0,115,0,0,0,0,0,0.225490196078431,0,0,0,0,0,0.988336120857777,0,0,0,0,0,0.988336120857777,0,0,0,0,0,0.988336120857777,0,0,0,0,0,0.988336120857777,0,0,0,1,1,1,1,1,1,0,0,1.06286202444484,0,0,0,2,2,2,2,2,2,1,1,1,1,1,1,6
503,547,423,456,511,431,0,0,0,0,0,18,0,0,0,0,0,0.0417633410672854,0,0,0,0,0,0.231070749184662,0,0,0,0,0,0.231070749184662,0,0,0,0,0,0.231070749184662,0,0,0,0,0,0.231070749184662,1,1,1,1,1,1,0,0,0,0,0,0.231070749184662,2,2,2,2,2,2,1,1,1,1,1,1,4
967,1234,1045,1070,1167,1148,0,3,0,45,0,0,0,0.00243111831442464,0,0.0420560747663551,0,0,0,0,0,0.195247921269416,0,0,0,0,0,0.195247921269416,0,0,0,0,0,0.195247921269416,0,0,0,0,0,0.195247921269416,0,0,1,1,1,1,1,1,0,0.0148344812407793,0,0.195247921269416,0,0,2,2,2,2,2,2,1,1,1,1,1,1,2
710,836,769,779,824,819,77,136,168,135,89,129,0.108450704225352,0.162679425837321,0.218465539661899,0.173299101412067,0.108009708737864,0.157509157509158,1.08729155309778,1.00716333829722,0.989344220538934,0.822793562099462,0.741780945702039,0.879893256593414,1.08729155309778,1.00716333829722,0.989344220538934,0.822793562099462,0.741780945702039,0.879893256593414,1.08729155309778,1.00716333829722,0.989344220538934,0.822793562099462,0.741780945702039,0.879893256593414,1.08729155309778,1.00716333829722,0.989344220538934,0.822793562099462,0.741780945702039,0.879893256593414,1,1,1,1,1,1,1.08729155309778,1.00716333829722,1.03037548079862,0.822793562099462,0.741780945702039,0.879893256593414,2,2,2,2,2,2,1,1,1,1,1,1,1
453,707,612,615,650,658,57,138,127,129,97,114,0.125827814569536,0.195190947666195,0.207516339869281,0.209756097560976,0.149230769230769,0.173252279635258,0.896969594894644,1.10236834904607,0.978734443872896,0.995884948496682,0.998387778317909,0.967839044733874,0.896969594894644,1.10236834904607,0.978734443872896,0.995884948496682,0.998387778317909,0.967839044733874,0.896969594894644,1.10236834904607,0.978734443872896,0.995884948496682,0.998387778317909,0.967839044733874,0.896969594894644,1.10236834904607,0.978734443872896,0.995884948496682,0.998387778317909,0.967839044733874,1,1,1,1,1,1,1.26150882009882,1.21015684899051,0.978734443872896,0.995884948496682,1.02487584145329,0.967839044733874,2,2,2,2,2,2,1,1,1,1,1,1,1
264,299,279,273,258,284,28,62,76,51,40,59,0.106060606060606,0.207357859531773,0.272401433691756,0.186813186813187,0.155038759689922,0.207746478873239,1.06332920482014,1.16942628506724,1.10168610146348,0.886956055586746,1.03724455511331,1.07437845866556,1.06332920482014,1.16942628506724,1.10168610146348,0.886956055586746,1.03724455511331,1.07437845866556,1.06332920482014,1.16942628506724,1.10168610146348,0.886956055586746,1.03724455511331,1.07437845866556,1.06332920482014,1.16942628506724,1.10168610146348,0.886956055586746,1.03724455511331,1.07437845866556,1,1,1,1,1,1,1.06332920482014,1.28377164446737,1.28475986942726,0.886956055586746,1.06476352104953,1.1605339570873,2,2,2,2,2,2,1,1,1,1,1,1,1
268,298,262,265,268,297,30,1,0,0,0,0,0.111940298507463,0.00335570469798658,0,0,0,0,0.945114363138006,0,0,0,0,0,0.945114363138006,0,0,0,0,0,0.945114363138006,0,0,0,0,0,0.945114363138006,0,0,0,0,0,1,1,1,1,1,1,1.09676942196181,0.0211388843545325,0,0,0,0,2,2,2,2,2,2,1,1,1,1,1,1,5
651,837,732,782,823,812,125,305,299,339,244,297,0.192012288786482,0.364396654719235,0.408469945355191,0.433503836317136,0.296476306196841,0.36576354679803,0.940486515767201,1.08435789513994,0.983471438000406,0.977258896032586,1.04506238755522,0.998856800801727,0.940486515767201,1.08435789513994,0.983471438000406,0.977258896032586,1.04506238755522,0.998856800801727,0.940486515767201,1.08435789513994,0.983471438000406,0.977258896032586,1.04506238755522,0.998856800801727,0.940486515767201,1.08435789513994,0.983471438000406,0.977258896032586,1.04506238755522,0.998856800801727,1,1,1,1,1,1,1.8809730315344,2.28108525078278,1.96694287600081,2.16634398587024,2.09012477511044,2.03954798460409,2,2,2,2,2,2,1,1,1,1,1,1,1
774,905,776,897,959,872,135,286,325,339,264,289,0.174418604651163,0.316022099447514,0.418814432989691,0.377926421404682,0.275286757038582,0.331422018348624,0.854311704787602,0.986769257747372,1.0083778191062,0.94430378871267,0.969191347709292,0.924027442720541,0.854311704787602,0.986769257747372,1.0083778191062,0.94430378871267,0.969191347709292,0.924027442720541,0.854311704787602,0.986769257747372,1.0083778191062,0.94430378871267,0.969191347709292,0.924027442720541,0.854311704787602,0.986769257747372,1.0083778191062,0.94430378871267,0.969191347709292,0.924027442720541,1,1,1,1,1,1,1.7086234095752,1.97353851549474,2.0167556382124,1.88860757742534,1.93838269541858,1.84805488544108,2,2,2,2,2,2,1,1,1,1,1,1,1
671,891,767,830,800,841,0,0,0,0,0,29,0,0,0,0,0,0.0344827586206897,0,0,0,0,0,0.192280618077154,0,0,0,0,0,0.192280618077154,0,0,0,0,0,0.192280618077154,0,0,0,0,0,0.192280618077154,1,1,1,1,1,1,0,0,0,0,0,0.192280618077154,2,2,2,2,2,2,1,1,1,1,1,1,8
1121,1332,1216,1149,1340,1327,90,204,204,237,199,232,0.08028545941124,0.153153153153153,0.167763157894737,0.206266318537859,0.148507462686567,0.174830444611907,0.808377321881925,0.94257428161988,0.783492698649299,1.02394439931052,0.998625269192554,0.965347254677802,0.808377321881925,0.94257428161988,0.783492698649299,1.02394439931052,0.998625269192554,0.965347254677802,0.808377321881925,0.94257428161988,0.783492698649299,1.02394439931052,0.998625269192554,0.965347254677802,0.808377321881925,0.94257428161988,0.783492698649299,1.02394439931052,0.998625269192554,0.965347254677802,1,1,1,1,1,1,0.808377321881925,0.94257428161988,0.783492698649299,1.02394439931052,1.02987077467594,0.965347254677802,2,2,2,2,2,2,1,1,1,1,1,1,1
248,332,313,306,327,293,0,71,78,0,54,60,0,0.213855421686747,0.249201277955272,0,0.165137614678899,0.204778156996587,0,1.17594289501876,1.06640773142203,0,0.962970862856703,1.13070713807,0,1.17594289501876,1.06640773142203,0,0.962970862856703,1.13070713807,0,1.17594289501876,1.06640773142203,0,0.962970862856703,1.13070713807,0,1.17594289501876,1.06640773142203,0,0.962970862856703,1.13070713807,1,1,1,1,1,1,0,1.31517558745807,1.16382753056269,0,1.14519768960323,1.13070713807,2,2,2,2,2,2,1,1,1,1,1,1,7
257,279,283,254,261,232,31,58,67,68,28,61,0.120622568093385,0.207885304659498,0.236749116607774,0.267716535433071,0.10727969348659,0.262931034482759,1.11399913666567,1.10310369071704,0.943097469496673,1.09062047782405,0.75004636291652,1.35686077634696,1.11399913666567,1.10310369071704,0.943097469496673,1.09062047782405,0.75004636291652,1.35686077634696,1.11399913666567,1.10310369071704,0.943097469496673,1.09062047782405,0.75004636291652,1.35686077634696,1.11399913666567,1.10310369071704,0.943097469496673,1.09062047782405,0.75004636291652,1.35686077634696,1,1,1,1,1,1,1.16980271370453,1.28226029710813,1.1224396306748,1.32960693828997,0.75004636291652,1.47214988204884,2,2,2,2,2,2,1,1,1,1,1,1,1
109,187,157,157,130,133,11,39,41,25,14,16,0.100917431192661,0.20855614973262,0.261146496815287,0.159235668789809,0.107692307692308,0.120300751879699,0.978701471335518,1.10666340205533,1.04028519237284,0.79083964576071,0.752931156620045,0.673563461378687,0.978701471335518,1.10666340205533,1.04028519237284,0.79083964576071,0.752931156620045,0.673563461378687,0.978701471335518,1.10666340205533,1.04028519237284,0.79083964576071,0.752931156620045,0.673563461378687,0.978701471335518,1.10666340205533,1.04028519237284,0.79083964576071,0.752931156620045,0.673563461378687,1,1,1,1,1,1,0.978701471335518,1.28639814612148,1.23810885395186,0.79083964576071,0.752931156620045,0.673563461378687,2,2,2,2,2,2,1,1,1,1,1,1,1
886,986,758,882,1012,926,192,294,341,370,257,334,0.216704288939052,0.298174442190669,0.449868073878628,0.419501133786848,0.25395256916996,0.360691144708423,1.02512776097577,0.919587003659788,0.973830512590427,1.04172052204625,0.88775515043322,1.00975418741104,1.02512776097577,0.919587003659788,0.973830512590427,1.04172052204625,0.88775515043322,1.00975418741104,1.02512776097577,0.919587003659788,0.973830512590427,1.04172052204625,0.88775515043322,1.00975418741104,1.02512776097577,0.919587003659788,0.973830512590427,1.04172052204625,0.88775515043322,1.00975418741104,1,1,1,1,1,1,2.10160726370918,1.83917400731958,2.13284747133088,2.0834410440925,1.77551030086644,2.01950837482209,2,2,2,2,2,2,1,1,1,1,1,1,1
761,1027,828,958,1053,987,198,366,405,443,308,379,0.260183968462549,0.356377799415774,0.489130434782609,0.462421711899791,0.292497625830959,0.383991894630193,1.23081001459468,1.01654059375808,1.05882184063686,1.0349128165884,1.02249910158278,1.03117634118704,1.23081001459468,1.01654059375808,1.05882184063686,1.0349128165884,1.02249910158278,1.03117634118704,1.23081001459468,1.01654059375808,1.05882184063686,1.0349128165884,1.02249910158278,1.03117634118704,1.23081001459468,1.01654059375808,1.05882184063686,1.0349128165884,1.02249910158278,1.03117634118704,1,1,1,1,1,1,2.52327501545373,2.19817896079811,2.31899232586689,2.296604935378,2.04499820316556,2.14996918678543,2,2,2,2,2,2,1,1,1,1,1,1,1
526,571,567,520,559,534,0,0,0,24,0,0,0,0,0,0.0461538461538462,0,0,0,0,0,0.233212455511633,0,0,0,0,0,0.233212455511633,0,0,0,0,0,0.233212455511633,0,0,0,0,0,0.233212455511633,0,0,1,1,1,1,1,1,0,0,0,0.233212455511633,0,0,2,2,2,2,2,2,1,1,1,1,1,1,2
229,304,259,323,298,303,16,66,57,74,55,41,0.0698689956331878,0.217105263157895,0.22007722007722,0.229102167182663,0.184563758389262,0.135313531353135,0.690383389079876,1.08932434474839,0.943177094102563,1.02021255290089,1.08245786347193,0.761550869183668,0.690383389079876,1.08932434474839,0.943177094102563,1.02021255290089,1.08245786347193,0.761550869183668,0.690383389079876,1.08932434474839,0.943177094102563,1.02021255290089,1.08245786347193,0.761550869183668,0.690383389079876,1.08932434474839,0.943177094102563,1.02021255290089,1.08245786347193,0.761550869183668,1,1,1,1,1,1,0.690383389079876,1.37639736237495,1.06126264208456,1.15763871105362,1.27867891465701,0.761550869183668,2,2,2,2,2,2,1,1,1,1,1,1,1
116,167,139,147,134,138,25,60,59,79,40,49,0.21551724137931,0.359281437125749,0.424460431654676,0.537414965986395,0.298507462686567,0.355072463768116,1.01304001018557,1.04615848788815,0.999994843486505,1.2487254887883,0.992768700495514,0.978468653364898,1.01304001018557,1.04615848788815,0.999994843486505,1.2487254887883,0.992768700495514,0.978468653364898,1.01304001018557,1.04615848788815,0.999994843486505,1.2487254887883,0.992768700495514,0.978468653364898,1.01304001018557,1.04615848788815,0.999994843486505,1.2487254887883,0.992768700495514,0.978468653364898,1,1,1,1,1,1,2.09951823896017,2.23332258414906,1.99998968697301,2.57775223216552,2.05375765695388,1.9569373067298,2,2,2,2,2,2,1,1,1,1,1,1,1
766,854,688,768,749,768,73,123,161,175,112,140,0.0953002610966057,0.144028103044496,0.234011627906977,0.227864583333333,0.149532710280374,0.182291666666667,0.920389327209954,0.895290382533293,0.985138437415892,0.997320278104189,1.03017362685708,1.00467763515146,0.920389327209954,0.895290382533293,0.985138437415892,0.997320278104189,1.03017362685708,1.00467763515146,0.920389327209954,0.895290382533293,0.985138437415892,0.997320278104189,1.03017362685708,1.00467763515146,0.920389327209954,0.895290382533293,0.985138437415892,0.997320278104189,1.03017362685708,1.00467763515146,1,1,1,1,1,1,0.920389327209954,0.895290382533293,1.10262537457551,1.09297000547959,1.03017362685708,1.00467763515146,2,2,2,2,2,2,1,1,1,1,1,1,1
368,409,379,419,405,355,34,79,80,100,59,73,0.0923913043478261,0.193154034229829,0.211081794195251,0.238663484486873,0.145679012345679,0.205633802816901,0.894770714059905,1.07099596886594,0.993333035702516,1.03028820814226,1.01485129506096,1.07939591251253,0.894770714059905,1.07099596886594,0.993333035702516,1.03028820814226,1.01485129506096,1.07939591251253,0.894770714059905,1.07099596886594,0.993333035702516,1.03028820814226,1.01485129506096,1.07939591251253,0.894770714059905,1.07099596886594,0.993333035702516,1.03028820814226,1.01485129506096,1.07939591251253,1,1,1,1,1,1,0.894770714059905,1.18601172940727,0.993333035702516,1.17042822749379,1.01485129506096,1.12459412719015,2,2,2,2,2,2,1,1,1,1,1,1,1
228,292,283,256,292,254,56,112,135,116,85,88,0.245614035087719,0.383561643835616,0.477031802120141,0.453125,0.291095890410959,0.346456692913386,1.14212865376711,1.11157998919035,1.04322946863401,1.0531359439913,0.991877090299929,0.967899953422192,1.14212865376711,1.11157998919035,1.04322946863401,1.0531359439913,0.991877090299929,0.967899953422192,1.14212865376711,1.11157998919035,1.04322946863401,1.0531359439913,0.991877090299929,0.967899953422192,1.14212865376711,1.11157998919035,1.04322946863401,1.0531359439913,0.991877090299929,0.967899953422192,1,1,1,1,1,1,2.39364037985595,2.34262462893783,2.26926295648793,2.17696266941217,1.98375418059986,1.89713564386028,2,2,2,2,2,2,1,1,1,1,1,1,1
788,824,736,740,771,779,88,141,155,134,102,130,0.111675126903553,0.171116504854369,0.210597826086957,0.181081081081081,0.132295719844358,0.166880616174583,0.993212739583764,1.04510381872647,1.00182386862262,0.869973525297239,0.901566102311531,0.91380877232271,0.993212739583764,1.04510381872647,1.00182386862262,0.869973525297239,0.901566102311531,0.91380877232271,0.993212739583764,1.04510381872647,1.00182386862262,0.869973525297239,0.901566102311531,0.91380877232271,0.993212739583764,1.04510381872647,1.00182386862262,0.869973525297239,0.901566102311531,0.91380877232271,1,1,1,1,1,1,1.08833395081195,1.04510381872647,1.00182386862262,0.869973525297239,0.901566102311531,0.91380877232271,2,2,2,2,2,2,1,1,1,1,1,1,1
400,482,399,377,455,440,50,81,102,95,79,84,0.125,0.16804979253112,0.255639097744361,0.251989389920424,0.173626373626374,0.190909090909091,1.11172107782955,1.02637369820016,1.03476631004713,1.09973881800784,1.05796520203285,1.04538445499491,1.11172107782955,1.02637369820016,1.03476631004713,1.09973881800784,1.05796520203285,1.04538445499491,1.11172107782955,1.02637369820016,1.03476631004713,1.09973881800784,1.05796520203285,1.04538445499491,1.11172107782955,1.02637369820016,1.03476631004713,1.09973881800784,1.05796520203285,1.04538445499491,1,1,1,1,1,1,1.21819197903383,1.02637369820016,1.21608733875394,1.21064054056764,1.18322537655016,1.04538445499491,2,2,2,2,2,2,1,1,1,1,1,1,1
618,782,630,661,694,655,66,147,144,130,118,131,0.106796116504854,0.187979539641944,0.228571428571429,0.196671709531014,0.170028818443804,0.2,1.04078538014541,1.03668074901163,1.01330651667609,0.944876071235288,1.03604406115974,1.09516466713753,1.04078538014541,1.03668074901163,1.01330651667609,0.944876071235288,1.03604406115974,1.09516466713753,1.04078538014541,1.03668074901163,1.01330651667609,0.944876071235288,1.03604406115974,1.09516466713753,1.04078538014541,1.03668074901163,1.01330651667609,0.944876071235288,1.03604406115974,1.09516466713753,1,1,1,1,1,1,1.04078538014541,1.14809576603634,1.0873251499447,0.944876071235288,1.15870883279791,1.09516466713753,2,2,2,2,2,2,1,1,1,1,1,1,1
1052,1247,1070,1063,1186,1132,255,451,504,468,330,445,0.242395437262357,0.361668003207698,0.471028037383178,0.440263405456256,0.278246205733558,0.393109540636042,1.16833643469258,1.05077874697185,1.03515118952335,1.01314420760982,0.958928082052299,1.09654125091794,1.16833643469258,1.05077874697185,1.03515118952335,1.01314420760982,0.958928082052299,1.09654125091794,1.16833643469258,1.05077874697185,1.03515118952335,1.01314420760982,0.958928082052299,1.09654125091794,1.16833643469258,1.05077874697185,1.03515118952335,1.01314420760982,0.958928082052299,1.09654125091794,1,1,1,1,1,1,2.38951447861432,2.1015574939437,2.29188797769303,2.09043439301486,1.80209418109017,2.10748086609816,2,2,2,2,2,2,1,1,1,1,1,1,1
590,601,444,476,638,584,76,168,168,186,133,150,0.128813559322034,0.279534109816972,0.378378378378378,0.390756302521008,0.20846394984326,0.256849315068493,1.06751295167473,1.01025762789031,1.01908590247407,0.97048930870914,1.02965075357258,0.954856716112834,1.06751295167473,1.01025762789031,1.01908590247407,0.97048930870914,1.02965075357258,0.954856716112834,1.06751295167473,1.01025762789031,1.01908590247407,0.97048930870914,1.02965075357258,0.954856716112834,1.06751295167473,1.01025762789031,1.01908590247407,0.97048930870914,1.02965075357258,0.954856716112834,1,1,1,1,1,1,1.06751295167473,1.15940486263279,1.01908590247407,1.1016036802789,1.02965075357258,0.954856716112834,1,1,1,1,1,1,0,0,0,0,0,0,1
875,853,640,659,927,763,182,345,367,394,401,350,0.208,0.404454865181712,0.5734375,0.597875569044006,0.432578209277238,0.458715596330275,0.911946528575353,0.953513748980653,0.979427907573811,1.05445530971949,0.986489724883367,0.966232656013453,0.911946528575353,0.953513748980653,0.979427907573811,1.05445530971949,0.986489724883367,0.966232656013453,0.911946528575353,0.953513748980653,0.979427907573811,1.05445530971949,0.986489724883367,0.966232656013453,0.911946528575353,0.953513748980653,0.979427907573811,1.05445530971949,0.986489724883367,0.966232656013453,1,1,1,1,1,1,1.82389305715071,2.10716893673339,2.0991851079542,2.29669352956687,2.92002697361296,2.1371508095885,2,2,2,2,3,2,0,0,0,0,0,0,1
586,759,664,803,828,716,0,0,0,0,0,37,0,0,0,0,0,0.0516759776536313,0,0,0,0,0,0.267164679673269,0,0,0,0,0,0.267164679673269,0,0,0,0,0,0.267164679673269,0,0,0,0,0,0.267164679673269,1,1,1,1,1,1,0,0,0,0,0,0.267164679673269,3,3,3,3,4,3,1,0,0,1,0,0,4
645,578,424,614,609,544,71,153,168,146,118,141,0.110077519379845,0.264705882352941,0.39622641509434,0.237785016286645,0.19376026272578,0.259191176470588,0.958390756684266,1.00443666216449,1.03333625124176,0.90808038287467,0.927980621455304,0.924073408377965,0.958390756684266,1.00443666216449,1.03333625124176,0.90808038287467,0.927980621455304,0.924073408377965,0.958390756684266,1.00443666216449,1.03333625124176,0.90808038287467,0.927980621455304,0.924073408377965,0.958390756684266,1.00443666216449,1.03333625124176,0.90808038287467,0.927980621455304,0.924073408377965,1,1,1,1,1,1,0.958390756684266,1.07828537157922,1.03333625124176,0.90808038287467,0.927980621455304,0.924073408377965,1,1,1,1,1,1,1,0,0,1,0,0,1
240,146,104,163,145,136,14,32,35,29,18,41,0.0583333333333333,0.219178082191781,0.336538461538462,0.177914110429448,0.124137931034483,0.301470588235294,0.591860723642041,0.859090945893191,0.87892670801081,0.682686953131121,0.597082117470984,0.967728107492498,0.591860723642041,0.859090945893191,0.87892670801081,0.682686953131121,0.597082117470984,0.967728107492498,0.591860723642041,0.859090945893191,0.87892670801081,0.682686953131121,0.597082117470984,0.967728107492498,0.591860723642041,0.859090945893191,0.87892670801081,0.682686953131121,0.597082117470984,0.967728107492498,1,1,1,1,1,1,0.591860723642041,0.859090945893191,0.87892670801081,0.682686953131121,0.597082117470984,1.07841631352115,2,1,1,1,1,1,1,0,0,1,0,0,1
646,671,510,690,647,644,79,194,212,172,153,192,0.122291021671827,0.289120715350224,0.415686274509804,0.249275362318841,0.236476043276662,0.298136645962733,1.02766318756367,1.05347581582766,1.00898354911088,0.944141827080727,1.00909251937076,1.07841216748074,1.02766318756367,1.05347581582766,1.00898354911088,0.944141827080727,1.00909251937076,1.07841216748074,1.02766318756367,1.05347581582766,1.00898354911088,0.944141827080727,1.00909251937076,1.07841216748074,1.02766318756367,1.05347581582766,1.00898354911088,0.944141827080727,1.00909251937076,1.07841216748074,1,1,1,1,1,1,1.09806387816851,1.19544573439493,1.10120799614916,0.944141827080727,1.15749143492824,1.07841216748074,1,1,1,1,1,1,1,0,0,1,0,0,1
181,208,173,231,199,167,19,50,75,57,53,46,0.104972375690608,0.240384615384615,0.433526011560694,0.246753246753247,0.266331658291457,0.275449101796407,0.942557943956943,0.993933494968031,1.05022213401974,0.93458919911117,1.13649264563808,0.996347369306681,0.942557943956943,0.993933494968031,1.05022213401974,0.93458919911117,1.13649264563808,0.996347369306681,0.942557943956943,0.993933494968031,1.05022213401974,0.93458919911117,1.13649264563808,0.996347369306681,0.942557943956943,0.993933494968031,1.05022213401974,0.93458919911117,1.13649264563808,0.996347369306681,1,1,1,1,1,1,0.942557943956943,0.993933494968031,1.14621592466447,0.93458919911117,1.30362724718771,0.996347369306681,1,1,1,1,1,1,1,0,0,1,0,0,1
124,189,125,172,165,131,12,60,43,42,31,36,0.0967741935483871,0.317460317460317,0.344,0.244186046511628,0.187878787878788,0.274809160305344,0.868945608775247,1.15673747736926,0.909514694781759,0.924865810870723,0.919619952876044,0.994032589490834,0.868945608775247,1.15673747736926,0.909514694781759,0.924865810870723,0.919619952876044,0.994032589490834,0.868945608775247,1.15673747736926,0.909514694781759,0.924865810870723,0.919619952876044,0.994032589490834,0.868945608775247,1.15673747736926,0.909514694781759,0.924865810870723,0.919619952876044,0.994032589490834,1,1,1,1,1,1,0.868945608775247,1.3126232822435,0.909514694781759,0.924865810870723,0.919619952876044,0.994032589490834,1,1,1,1,1,1,1,0,0,1,0,0,1
155,149,148,139,153,156,33,22,38,40,33,29,0.212903225806452,0.147651006711409,0.256756756756757,0.287769784172662,0.215686274509804,0.185897435897436,1.18113537890857,0.853027215144463,1.11329107806862,0.955137627039101,0.715355456337641,0.970681114860331,1.18113537890857,0.853027215144463,1.11329107806862,0.955137627039101,0.715355456337641,0.970681114860331,1.18113537890857,0.853027215144463,1.11329107806862,0.955137627039101,0.715355456337641,0.970681114860331,1.18113537890857,0.853027215144463,1.11329107806862,0.955137627039101,0.715355456337641,0.970681114860331,1,1,1,1,1,1,2.20202647510111,0.853027215144463,1.19413372274626,1.50245192213674,1.43071091267528,0.970681114860331,2,2,2,2,2,2,2,1,1,2,1,1,1
753,605,573,645,620,688,0,0,0,0,54,0,0,0,0,0,0.0870967741935484,0,0,0,0,0,0.603892983324553,0,0,0,0,0,0.603892983324553,0,0,0,0,0,0.603892983324553,0,0,0,0,0,0.603892983324553,0,1,1,1,1,1,1,0,0,0,0,0.603892983324553,0,2,2,2,2,2,2,2,1,1,2,1,1,19
623,853,771,887,944,928,58,1,4,144,0,0,0.0930979133226324,0.00117233294255569,0.00518806744487678,0.162344983089064,0,0,1.00789631848807,0,0,0.88877903253023,0,0,1.00789631848807,0,0,0.88877903253023,0,0,1.00789631848807,0,0,0.88877903253023,0,0,1.00789631848807,0,0,0.88877903253023,0,0,1,1,1,1,1,1,1.00789631848807,0.00675345157128253,0.0245558711715508,0.88877903253023,0,0,2,2,2,2,2,2,2,1,1,2,1,1,14
451,373,376,384,419,374,55,0,0,0,0,0,0.121951219512195,0,0,0,0,0,1.17662885660462,0,0,0,0,0,1.17662885660462,0,0,0,0,0,1.17662885660462,0,0,0,0,0,1.17662885660462,0,0,0,0,0,1,1,1,1,1,1,1.32026788565616,0,0,0,0,0,2,2,2,2,2,2,2,1,1,2,1,1,5
274,294,337,345,307,322,37,0,6,48,0,0,0.135036496350365,0,0.0178041543026706,0.139130434782609,0,0,0.73096583304394,0,0.0842696291094912,0.761687924496922,0,0,0.73096583304394,0,0.0842696291094912,0.761687924496922,0,0,0.73096583304394,0,0.0842696291094912,0.761687924496922,0,0,0.73096583304394,0,0.0842696291094912,0.761687924496922,0,0,1,1,1,1,1,1,1.46193166608788,0,0.0842696291094912,0.761687924496922,0,0,2,2,2,2,2,2,2,1,1,2,1,1,21
612,650,581,637,604,572,0,1,136,1,1,0,0,0.00153846153846154,0.23407917383821,0.00156985871271586,0.00165562913907285,0,0,0,1.06003225298462,0,0,0,0,0,1.06003225298462,0,0,0,0,0,1.06003225298462,0,0,0,0,0,1.06003225298462,0,0,0,1,1,1,1,1,1,0,0.00886260644662153,1.10793047657665,0.00859439867711401,0.0111418388934073,0,2,2,2,2,2,2,2,1,1,2,1,1,6
862,1006,843,1077,968,1005,0,0,0,26,0,0,0,0,0,0.0241411327762303,0,0,0,0,0,0.132163816982695,0,0,0,0,0,0.132163816982695,0,0,0,0,0,0.132163816982695,0,0,0,0,0,0.132163816982695,0,0,1,1,1,1,1,1,0,0,0,0.132163816982695,0,0,2,2,2,2,2,2,2,1,1,2,1,1,2
721,541,609,650,550,557,0,29,0,0,0,0,0,0.0536044362292052,0,0,0,0,0,0.306742510235553,0,0,0,0,0,0.306742510235553,0,0,0,0,0,0.306742510235553,0,0,0,0,0,0.306742510235553,0,0,0,0,1,1,1,1,1,1,0,0.306742510235553,0,0,0,0,2,2,2,2,2,2,2,1,1,2,1,1,10
598,640,536,648,582,628,111,257,239,275,200,253,0.18561872909699,0.4015625,0.44589552238806,0.424382716049383,0.343642611683849,0.402866242038217,1.0014589556046,1.14893745677857,1.00178997736235,1.09964503937415,1.12353099088591,1.05302471774774,1.0014589556046,1.14893745677857,1.00178997736235,1.09964503937415,1.12353099088591,1.05302471774774,1.0014589556046,1.14893745677857,1.00178997736235,1.09964503937415,1.12353099088591,1.05302471774774,1.0014589556046,1.14893745677857,1.00178997736235,1.09964503937415,1.12353099088591,1.05302471774774,1,1,1,1,1,1,2.0029179112092,2.29787491355714,2.08125307363899,2.38041489162419,2.31790740829647,2.30931500561357,2,2,2,2,2,2,2,1,1,2,1,1,1
334,364,299,364,295,295,52,77,99,99,65,86,0.155688622754491,0.211538461538462,0.331103678929766,0.271978021978022,0.220338983050847,0.291525423728814,0.842501087127145,1.21049381857545,1.43424937720162,0.843760079784878,1.39805497623032,0.83554287414201,0.842501087127145,1.21049381857545,1.43424937720162,0.843760079784878,1.39805497623032,0.83554287414201,0.842501087127145,1.21049381857545,1.43424937720162,0.843760079784878,1.39805497623032,0.83554287414201,0.842501087127145,1.21049381857545,1.43424937720162,0.843760079784878,1.39805497623032,0.83554287414201,1,1,1,1,1,1,1.68500217425429,1.21049381857545,1.54545294775583,1.52555820307168,1.4862108009467,1.67108574828402,2,2,2,2,2,2,2,1,1,2,1,1,1
121,177,130,156,153,162,22,73,58,71,47,60,0.181818181818182,0.412429378531073,0.446153846153846,0.455128205128205,0.30718954248366,0.37037037037037,0.980954062983704,1.18002941328002,1.00237035134344,1.1793116310379,1.00434858577428,0.968085965079165,0.980954062983704,1.18002941328002,1.00237035134344,1.1793116310379,1.00434858577428,0.968085965079165,0.980954062983704,1.18002941328002,1.00237035134344,1.1793116310379,1.00434858577428,0.968085965079165,0.980954062983704,1.18002941328002,1.00237035134344,1.1793116310379,1.00434858577428,0.968085965079165,1,1,1,1,1,1,1.96190812596741,2.36005882656004,2.08245882051139,2.55287012433207,2.07202742635757,2.12304175600252,2,2,2,2,2,2,2,1,1,2,1,1,1
1094,1140,986,1355,1146,1205,0,0,0,39,1,0,0,0,0,0.0287822878228782,0.00087260034904014,0,0,0,0,0.166996835351893,0,0,0,0,0,0.166996835351893,0,0,0,0,0,0.166996835351893,0,0,0,0,0,0.166996835351893,0,0,1,1,1,1,1,1,0,0,0,0.166996835351893,0.00592281875585405,0,2,2,2,2,2,2,2,1,1,2,1,1,2
912,1006,858,1151,978,1034,78,339,393,278,294,335,0.0855263157894737,0.336978131212724,0.458041958041958,0.241529105125977,0.300613496932515,0.323984526112186,0.895011866219838,0.973704818910415,1.02780126329459,1.07907097071583,0.995886809293629,0.952718265750907,0.895011866219838,0.973704818910415,1.02780126329459,1.07907097071583,0.995886809293629,0.952718265750907,0.895011866219838,0.973704818910415,1.02780126329459,1.07907097071583,0.995886809293629,0.952718265750907,0.895011866219838,0.973704818910415,1.02780126329459,1.07907097071583,0.995886809293629,0.952718265750907,1,1,1,1,1,1,0.895011866219838,1.89682217012964,2.09021873414074,1.40136866289524,2.04042922954741,1.90543653150181,2,2,2,2,2,2,2,1,1,2,1,1,1
701,678,617,966,680,618,0,1,0,0,0,29,0,0.00147492625368732,0,0,0,0.0469255663430421,0,0,0,0,0,0.265857766236641,0,0,0,0,0,0.265857766236641,0,0,0,0,0,0.265857766236641,0,0,0,0,0,0.265857766236641,1,1,1,1,1,1,0,0.00919189442576282,0,0,0,0.265857766236641,4,2,2,4,2,2,2,1,1,2,1,1,4
565,522,439,632,521,474,0,73,104,1,99,76,0,0.139846743295019,0.236902050113895,0.00158227848101266,0.190019193857965,0.160337552742616,0,0.870254050604644,1.01426144900489,0,1.10977633120027,0.908395719816861,0,0.870254050604644,1.01426144900489,0,1.10977633120027,0.908395719816861,0,0.870254050604644,1.01426144900489,0,1.10977633120027,0.908395719816861,0,0.870254050604644,1.01426144900489,0,1.10977633120027,0.908395719816861,1,1,1,1,1,1,0,0.870254050604644,1.17462592961642,0.0110700876391344,1.31274701477752,0.908395719816861,4,2,2,4,2,2,2,1,1,2,1,1,7
940,863,767,1142,849,750,386,380,374,646,315,335,0.41063829787234,0.440324449594438,0.48761408083442,0.565674255691769,0.371024734982332,0.446666666666667,1.26595621417044,1.25158840960175,1.08778875254922,1.11134015447331,1.19094074360537,1.16943695880083,1.26595621417044,1.25158840960175,1.08778875254922,1.11134015447331,1.19094074360537,1.16943695880083,1.26595621417044,1.25158840960175,1.08778875254922,1.11134015447331,1.19094074360537,1.16943695880083,1.26595621417044,1.25158840960175,1.08778875254922,1.11134015447331,1.19094074360537,1.16943695880083,1,1,1,1,1,1,5.32799700171541,2.69855143728579,2.31288149407052,3.94153052626718,2.58764572101605,2.57458979672773,4,2,2,4,2,2,2,1,1,2,1,1,1
749,552,523,620,585,521,90,77,108,132,96,78,0.120160213618158,0.139492753623188,0.206500956022945,0.212903225806452,0.164102564102564,0.149712092130518,1.28989997096525,0.85389804108699,0.979488202793557,0.958317095294865,0.975894323695891,0.862941548162675,1.28989997096525,0.85389804108699,0.979488202793557,0.958317095294865,0.975894323695891,0.862941548162675,1.28989997096525,0.85389804108699,0.979488202793557,0.958317095294865,0.975894323695891,0.862941548162675,1.28989997096525,0.85389804108699,0.979488202793557,0.958317095294865,0.975894323695891,0.862941548162675,1,1,1,1,1,1,1.55906855546644,0.85389804108699,0.979488202793557,1.48217765809985,1.14450401218663,0.862941548162675,4,2,2,4,2,2,2,1,1,2,1,1,1
1239,1085,962,1453,1059,1074,282,346,400,440,304,375,0.227602905569007,0.31889400921659,0.415800415800416,0.302821748107364,0.287063267233239,0.349162011173184,0.984376116188414,0.97604700857793,0.986125221492705,1.05480962812432,1.00103573303859,1.00722396451527,0.984376116188414,0.97604700857793,0.986125221492705,1.05480962812432,1.00103573303859,1.00722396451527,0.984376116188414,0.97604700857793,0.986125221492705,1.05480962812432,1.00103573303859,1.00722396451527,0.984376116188414,0.97604700857793,0.986125221492705,1.05480962812432,1.00103573303859,1.00722396451527,1,1,1,1,1,1,2.95312834856524,1.95209401715586,1.97225044298541,2.10961925624864,2.00207146607718,2.01444792903055,4,2,2,4,2,2,2,1,1,2,1,1,1
669,686,618,807,607,661,214,255,307,408,167,246,0.319880418535127,0.371720116618076,0.496763754045307,0.505576208178439,0.275123558484349,0.372163388804841,0.986158879320793,1.05690222172325,1.10820020496518,0.992400012720837,0.959400050372161,0.975853093164867,0.986158879320793,1.05690222172325,1.10820020496518,0.992400012720837,0.959400050372161,0.975853093164867,0.986158879320793,1.05690222172325,1.10820020496518,0.992400012720837,0.959400050372161,0.975853093164867,0.986158879320793,1.05690222172325,1.10820020496518,0.992400012720837,0.959400050372161,0.975853093164867,1,1,1,1,1,1,4.15042123370692,2.27878828824352,2.35628079420976,3.51969190410554,1.91880010074432,2.14840261192341,4,2,2,4,2,2,2,1,1,2,1,1,1
1345,1301,1167,1686,1305,1323,444,467,543,804,391,481,0.330111524163569,0.358954650269024,0.465295629820051,0.476868327402135,0.299616858237548,0.363567649281935,1.01770034005465,1.01911873586881,1.0379998704353,0.93604905951788,0.96173082358814,1.04780323909876,1.01770034005465,1.01911873586881,1.0379998704353,0.93604905951788,0.96173082358814,1.04780323909876,1.01770034005465,1.01911873586881,1.0379998704353,0.93604905951788,0.96173082358814,1.04780323909876,1.01770034005465,1.01911873586881,1.0379998704353,0.93604905951788,0.96173082358814,1.04780323909876,1,1,1,1,1,1,4.28316895936966,2.1973232640583,2.20701922643641,3.31983500040267,2.0896242435146,2.09560647819752,4,2,2,4,2,2,2,1,1,2,1,1,1
106,121,102,137,90,79,35,51,42,74,34,36,0.330188679245283,0.421487603305785,0.411764705882353,0.54014598540146,0.377777777777778,0.455696202531646,1.0179382013444,1.20663003646737,0.976554006107629,1.06025733432916,1.21261712539374,1.19307756990827,1.0179382013444,1.20663003646737,0.976554006107629,1.06025733432916,1.21261712539374,1.19307756990827,1.0179382013444,1.20663003646737,0.976554006107629,1.06025733432916,1.21261712539374,1.19307756990827,1.0179382013444,1.20663003646737,0.976554006107629,1.06025733432916,1.21261712539374,1.19307756990827,1,1,1,1,1,1,4.28417003999504,2.60161662907802,1.95310801221526,3.76035782756145,2.63474361138798,2.62663610472884,4,2,2,4,2,2,2,1,1,2,1,1,1
608,498,423,615,519,460,197,172,194,324,158,163,0.324013157894737,0.345381526104418,0.458628841607565,0.526829268292683,0.304431599229287,0.354347826086957,1.00054532927624,0.980582878678896,1.0231273359491,1.03411783248084,0.977185510772924,1.02123167634642,1.00054532927624,0.980582878678896,1.0231273359491,1.03411783248084,0.977185510772924,1.02123167634642,1.00054532927624,0.980582878678896,1.0231273359491,1.03411783248084,0.977185510772924,1.02123167634642,1.00054532927624,0.980582878678896,1.0231273359491,1.03411783248084,0.977185510772924,1.02123167634642,1,1,1,1,1,1,4.21096911156396,2.11423605103435,2.17539690114351,3.66765025818056,2.12320379428409,2.04246335269283,4,2,2,4,2,2,2,1,1,2,1,1,1
928,615,651,908,613,609,83,0,0,0,0,0,0.0894396551724138,0,0,0,0,0,0.960119869432433,0,0,0,0,0,0.960119869432433,0,0,0,0,0,0.960119869432433,0,0,0,0,0,0.960119869432433,0,0,0,0,0,1,1,1,1,1,1,1.16047192154792,0,0,0,0,0,4,2,2,4,2,2,2,1,1,2,1,1,5
1175,1507,1324,1907,1308,1336,157,210,231,384,165,215,0.133617021276596,0.139349701393497,0.174471299093656,0.201363398007341,0.126146788990826,0.160928143712575,1.02183832561124,1.01954344990078,1.00227540539827,1.0784092438578,1.03407523621179,0.983048761969047,1.02183832561124,1.01954344990078,1.00227540539827,1.0784092438578,1.03407523621179,0.983048761969047,1.02183832561124,1.01954344990078,1.00227540539827,1.0784092438578,1.03407523621179,0.983048761969047,1.02183832561124,1.01954344990078,1.00227540539827,1.0784092438578,1.03407523621179,0.983048761969047,1,1,1,1,1,1,1.88661862461503,1.01954344990078,1.00227540539827,1.49345594082294,1.03407523621179,0.983048761969047,4,2,2,3,2,2,2,1,1,2,1,1,1
792,684,644,965,712,665,58,132,125,123,77,133,0.0732323232323232,0.192982456140351,0.194099378881988,0.127461139896373,0.10814606741573,0.2,0.920915041727244,1.04310636021133,0.919819289318238,0.856406371838653,0.757336482505065,1.03492610462954,0.920915041727244,1.04310636021133,0.919819289318238,0.856406371838653,0.757336482505065,1.03492610462954,0.920915041727244,1.04310636021133,0.919819289318238,0.856406371838653,0.757336482505065,1.03492610462954,0.920915041727244,1.04310636021133,0.919819289318238,0.856406371838653,0.757336482505065,1.03492610462954,1,1,1,1,1,1,0.920915041727244,1.19055796344287,0.919819289318238,0.856406371838653,0.757336482505065,1.11422026401884,4,2,2,3,2,2,2,1,1,2,1,1,1
322,218,227,285,240,231,45,33,53,65,46,47,0.139751552795031,0.151376146788991,0.233480176211454,0.228070175438596,0.191666666666667,0.203463203463203,0.951856471052834,0.93387803554464,1.01954697477488,0.902615098427295,1.10515361190541,1.04968044612704,0.951856471052834,0.93387803554464,1.01954697477488,0.902615098427295,1.10515361190541,1.04968044612704,0.951856471052834,0.93387803554464,1.01954697477488,0.902615098427295,1.10515361190541,1.04968044612704,0.951856471052834,0.93387803554464,1.01954697477488,0.902615098427295,1.10515361190541,1.04968044612704,1,1,1,1,1,1,1.75741122762685,0.93387803554464,1.10644130336599,1.53239451358093,1.34222318587694,1.13010505637767,4,2,2,3,2,2,2,1,1,2,1,1,1
665,694,616,918,724,658,239,257,309,495,222,261,0.359398496240601,0.370317002881844,0.501623376623377,0.53921568627451,0.306629834254144,0.396656534954407,1.0904619175447,1.02680714803443,1.09150692495989,1.00073223995512,1.00035852972369,1.03852699289606,1.0904619175447,1.02680714803443,1.09150692495989,1.00073223995512,1.00035852972369,1.03852699289606,1.0904619175447,1.02680714803443,1.09150692495989,1.00073223995512,1.00035852972369,1.03852699289606,1.0904619175447,1.02680714803443,1.09150692495989,1.00073223995512,1.00035852972369,1.03852699289606,1,1,1,1,1,1,4.57061668608992,2.19766513401532,2.33363351688554,3.84656809546669,2.03138975656621,2.19935563593308,4,2,2,4,2,2,2,1,1,2,1,1,1
169,232,221,206,212,198,13,26,34,23,24,20,0.0769230769230769,0.112068965517241,0.153846153846154,0.111650485436893,0.113207547169811,0.101010101010101,0.879679140726393,0.835880819779293,0.936715124455633,0.680882989428281,0.84518307667774,0.69261224771174,0.879679140726393,0.835880819779293,0.936715124455633,0.680882989428281,0.84518307667774,0.69261224771174,0.879679140726393,0.835880819779293,0.936715124455633,0.680882989428281,0.84518307667774,0.69261224771174,0.879679140726393,0.835880819779293,0.936715124455633,0.680882989428281,0.84518307667774,0.69261224771174,1,1,1,1,1,1,0.879679140726393,0.835880819779293,0.936715124455633,0.680882989428281,0.84518307667774,0.69261224771174,2,3,3,3,2,3,2,2,2,2,1,2,1
2073,2858,3072,3152,2494,2759,118,218,274,259,177,215,0.0569223347805113,0.0762771168649405,0.0891927083333333,0.0821700507614213,0.0709703287890938,0.0779267850670533,0.999112427600436,1.01069310268398,1.04013697577509,1.03825175273549,0.972252307062296,0.968946875954061,0.999112427600436,1.01069310268398,1.04013697577509,1.03825175273549,0.972252307062296,0.968946875954061,0.999112427600436,1.01069310268398,1.04013697577509,1.03825175273549,0.972252307062296,0.968946875954061,0.999112427600436,1.01069310268398,1.04013697577509,1.03825175273549,0.972252307062296,0.968946875954061,1,1,1,1,1,1,0.999112427600436,1.01069310268398,1.04013697577509,1.03825175273549,0.972252307062296,0.968946875954061,9,8,8,9,8,8,2,2,2,2,2,2,1
2147,2901,2674,2959,2495,2647,0,1,0,2,50,1,0,0.000344708721130645,0,0.000675904021628929,0.0200400801603206,0.000377786173026067,0,0,0,0,0.27453742105418,0,0,0,0,0,0.27453742105418,0,0,0,0,0,0.27453742105418,0,0,0,0,0,0.27453742105418,0,1,1,1,1,1,1,0,0.00456588869128984,0,0.00854032008784736,0.27453742105418,0.00469741863233894,9,8,8,9,8,8,2,2,2,2,2,2,13
1377,1598,1852,1862,1529,1607,47,107,143,160,90,110,0.0341321713870733,0.0669586983729662,0.0772138228941685,0.0859291084854995,0.0588620013080445,0.0684505289359054,0.598805833422208,0.886911020649064,0.900443026497481,1.08574896412203,0.806051923215452,0.851648432863095,0.598805833422208,0.886911020649064,0.900443026497481,1.08574896412203,0.806051923215452,0.851648432863095,0.598805833422208,0.886911020649064,0.900443026497481,1.08574896412203,0.806051923215452,0.851648432863095,0.598805833422208,0.886911020649064,0.900443026497481,1.08574896412203,0.806051923215452,0.851648432863095,1,1,1,1,1,1,0.598805833422208,0.886911020649064,0.900443026497481,1.08574896412203,0.806051923215452,0.851648432863095,9,8,8,9,8,8,2,2,2,2,2,2,1
1947,2882,2870,3156,2477,2933,941,1760,1985,2232,1420,1834,0.483307652799178,0.610687022900763,0.691637630662021,0.70722433460076,0.57327412192168,0.625298329355609,0.949404886351633,1.01181995852604,0.993799600771908,0.99289609802047,0.981296715699392,0.971875174638398,0.949404886351633,1.01181995852604,0.993799600771908,0.99289609802047,0.981296715699392,0.971875174638398,0.949404886351633,1.01181995852604,0.993799600771908,0.99289609802047,0.981296715699392,0.971875174638398,0.949404886351633,1.01181995852604,0.993799600771908,0.99289609802047,0.981296715699392,0.971875174638398,1,1,1,1,1,1,8.47902228521413,8.09455966820834,8.0769149343657,8.93606488218423,7.85037372559514,7.77500139710718,9,8,8,9,8,8,2,2,2,2,2,2,1
1355,1794,1849,1983,1519,1714,68,4,4,92,0,1,0.0501845018450185,0.00222965440356745,0.00216333153055706,0.0463943519919314,0,0.00058343057176196,0.880423695035281,0,0,0.586211360785303,0,0,0.880423695035281,0,0,0.586211360785303,0,0,0.880423695035281,0,0,0.586211360785303,0,0,0.880423695035281,0,0,0.586211360785303,0,0,1,1,1,1,1,1,0.880423695035281,0.029533206451353,0.0252280837507832,0.586211360785303,0,0.00725441488903219,9,8,8,9,8,8,2,2,2,2,2,2,9
771,1137,1138,1314,1067,1010,2,87,105,1,81,100,0.00259403372243839,0.0765171503957784,0.0922671353251318,0.00076103500761035,0.0759137769447048,0.099009900990099,0,1.01351886466893,1.07598996480576,0,1.03955768653869,1.05099721750132,0,1.01351886466893,1.07598996480576,0,1.03955768653869,1.05099721750132,0,1.01351886466893,1.07598996480576,0,1.03955768653869,1.05099721750132,0,1.01351886466893,1.07598996480576,0,1.03955768653869,1.05099721750132,1,1,1,1,1,1,0.0455090450435952,1.01351886466893,1.07598996480576,0.00961598445203209,1.03955768653869,1.23109575443576,9,8,8,9,8,8,2,2,2,2,2,2,7
1652,2338,2046,2457,1957,2287,0,152,211,2,167,173,0,0.0650128314798974,0.103128054740958,0.000814000814000814,0.085334695963209,0.0756449497157849,0,0.861136762276149,1.06787484656468,0,1.07289457593878,0.940574382040054,0,0.861136762276149,1.06787484656468,0,1.07289457593878,0.940574382040054,0,0.861136762276149,1.06787484656468,0,1.07289457593878,0.940574382040054,0,0.861136762276149,1.06787484656468,0,1.07289457593878,0.940574382040054,1,1,1,1,1,1,0,0.861136762276149,1.20382330802921,0.0102852287911845,1.16856705972636,0.940574382040054,9,8,8,9,8,8,2,2,2,2,2,2,7
2617,3502,3785,3747,3217,3570,266,539,655,499,430,468,0.101643102789454,0.153912050256996,0.173051519154557,0.133173205230851,0.133664905191172,0.13109243697479,0.930104650941878,1.01933204274126,0.996545597805565,0.968572765749855,0.968224202299578,0.815006080121422,0.930104650941878,1.01933204274126,0.996545597805565,0.968572765749855,0.968224202299578,0.815006080121422,0.930104650941878,1.01933204274126,0.996545597805565,0.968572765749855,0.968224202299578,0.815006080121422,0.930104650941878,1.01933204274126,0.996545597805565,0.968572765749855,0.968224202299578,0.815006080121422,1,1,1,1,1,1,1.78319984940978,2.03866408548251,2.01860505352503,1.68269719279827,1.830397395629,1.63001216024284,9,8,8,9,8,8,2,2,2,2,2,2,1
1539,1914,1993,2111,1879,1937,0,94,1,1,18,0,0,0.0491118077324974,0.000501756146512795,0.000473709142586452,0.00957956359765833,0,0,0.650517476897906,0,0,0,0,0,0.650517476897906,0,0,0,0,0,0.650517476897906,0,0,0,0,0,0.650517476897906,0,0,0,0,1,1,1,1,1,1,0,0.650517476897906,0.00585132047857478,0.00598550619136436,0.13118184040409,0,9,8,8,9,8,8,2,2,2,2,2,2,15
2229,3101,2985,3433,2960,3057,285,507,542,491,471,460,0.1278600269179,0.163495646565624,0.181574539363484,0.14302359452374,0.159121621621622,0.150474321229964,1.12157133385536,0.943246076747175,0.995373024301606,1.04021494620641,1.0429966902862,1.02900834754284,1.12157133385536,0.943246076747175,0.995373024301606,1.04021494620641,1.0429966902862,1.02900834754284,1.12157133385536,0.943246076747175,0.995373024301606,1.04021494620641,1.0429966902862,1.02900834754284,1.12157133385536,0.943246076747175,0.995373024301606,1.04021494620641,1.0429966902862,1.02900834754284,1,1,1,1,1,1,2.24314266771072,2.16560498173813,2.11746448538672,1.80716083683523,2.17899980094188,1.8710078099799,9,8,8,9,8,8,2,2,2,2,2,2,1
384,594,650,690,562,596,20,46,57,84,42,50,0.0520833333333333,0.0774410774410774,0.0876923076923077,0.121739130434783,0.0747330960854092,0.0838926174496644,0.913736295015936,1.02575687255533,1.02263978105627,0.88541239253648,1.02338952955812,1.04312643622493,0.913736295015936,1.02575687255533,1.02263978105627,0.88541239253648,1.02338952955812,1.04312643622493,0.913736295015936,1.02575687255533,1.02263978105627,0.88541239253648,1.02338952955812,1.04312643622493,0.913736295015936,1.02575687255533,1.02263978105627,0.88541239253648,1.02338952955812,1.04312643622493,1,1,1,1,1,1,0.913736295015936,1.02575687255533,1.02263978105627,1.53822304330072,1.02338952955812,1.04312643622493,9,8,8,9,8,8,2,2,2,2,2,2,1
685,1006,1005,1014,916,956,43,2,1,52,0,0,0.0627737226277372,0.00198807157057654,0.00099502487562189,0.0512820512820513,0,0,1.10128567177395,0,0,0.647969413844624,0,0,1.10128567177395,0,0,0.647969413844624,0,0,1.10128567177395,0,0,0.647969413844624,0,0,1.10128567177395,0,0,0.647969413844624,0,0,1,1,1,1,1,1,1.10128567177395,0.0263332864680553,0.0116036633968155,0.647969413844624,0,0,9,8,8,9,8,8,2,2,2,2,2,2,9
76,63,62,43,56,61,7,33,41,19,19,30,0.0921052631578947,0.523809523809524,0.661290322580645,0.441860465116279,0.339285714285714,0.491803278688525,0.860922352531355,1.2634815491256,1.13797039427701,1.06792838146447,0.973175114907144,1.05182306333955,0.860922352531355,1.2634815491256,1.13797039427701,1.06792838146447,0.973175114907144,1.05182306333955,0.860922352531355,1.2634815491256,1.13797039427701,1.06792838146447,0.973175114907144,1.05182306333955,0.860922352531355,1.2634815491256,1.13797039427701,1.06792838146447,0.973175114907144,1.05182306333955,1,1,1,1,1,1,0.860922352531355,2.68425861437759,2.40556115365567,1.98244844567322,1.93472118440065,2.25793226859036,2,2,2,2,2,2,1,0,0,1,0,0,1
950,1049,867,1097,1035,945,0,1,0,0,0,36,0,0.000953288846520496,0,0,0,0.0380952380952381,0,0,0,0,0,0.174900150328904,0,0,0,0,0,0.174900150328904,0,0,0,0,0,0.174900150328904,0,0,0,0,0,0.174900150328904,1,1,1,1,1,1,0,0.00488512270577428,0,0,0,0.174900150328904,2,2,2,2,2,2,1,0,0,1,0,0,8
131,165,106,164,155,112,36,67,58,62,60,52,0.274809160305344,0.406060606060606,0.547169811320755,0.378048780487805,0.387096774193548,0.464285714285714,1.2896820677044,1.00833297470269,1.00112251779645,0.939673572982346,1.08464896985308,1.0213662396995,1.2896820677044,1.00833297470269,1.00112251779645,0.939673572982346,1.08464896985308,1.0213662396995,1.2896820677044,1.00833297470269,1.00112251779645,0.939673572982346,1.08464896985308,1.0213662396995,1.2896820677044,1.00833297470269,1.00112251779645,0.939673572982346,1.08464896985308,1.0213662396995,1,1,1,1,1,1,2.66476031770208,2.03949734440826,2.0022450355929,1.67904753720766,2.23566824499227,2.08079365256083,2,2,2,2,2,2,1,0,0,1,0,0,1
768,759,663,819,741,739,187,318,387,340,308,364,0.243489583333333,0.41897233201581,0.583710407239819,0.415140415140415,0.415654520917679,0.49255751014885,1.10605842012963,1.04132840658437,1.00028772503142,1.05938380790099,1.056216701884,1.10367760069394,1.10605842012963,1.04132840658437,1.00028772503142,1.05938380790099,1.056216701884,1.10367760069394,1.10605842012963,1.04132840658437,1.00028772503142,1.05938380790099,1.056216701884,1.10367760069394,1.10605842012963,1.04132840658437,1.00028772503142,1.05938380790099,1.056216701884,1.10367760069394,1,1,1,1,1,1,2.40693784805238,2.10307800660616,2.15862352695666,1.81544271129432,2.54772752928077,2.18488005710131,2,2,2,2,2,2,1,0,0,1,0,0,1
665,738,566,796,780,683,0,0,0,20,0,1,0,0,0,0.0251256281407035,0,0.00146412884333821,0,0,0,0.113480446893631,0,0,0,0,0,0.113480446893631,0,0,0,0,0,0.113480446893631,0,0,0,0,0,0.113480446893631,0,0,1,1,1,1,1,1,0,0,0,0.113480446893631,0,0.00647896313089348,2,2,2,2,2,2,1,0,0,1,0,0,2
1188,1305,995,1328,1185,1176,0,0,0,0,74,0,0,0,0,0,0.0624472573839662,0,0,0,0,0,0.374647006505752,0,0,0,0,0,0.374647006505752,0,0,0,0,0,0.374647006505752,0,0,0,0,0,0.374647006505752,0,1,1,1,1,1,1,0,0,0,0,0.374647006505752,0,2,2,2,2,2,2,1,0,0,1,0,0,13
738,846,676,831,859,754,145,342,371,315,309,321,0.196476964769648,0.404255319148936,0.548816568047337,0.379061371841155,0.359720605355064,0.425729442970822,0.952977488775254,1.04019323232677,0.97021085490029,0.929042998191834,0.948033876961224,0.961017435011474,0.952977488775254,1.04019323232677,0.97021085490029,0.929042998191834,0.948033876961224,0.961017435011474,0.952977488775254,1.04019323232677,0.97021085490029,0.929042998191834,0.948033876961224,0.961017435011474,0.952977488775254,1.04019323232677,0.97021085490029,0.929042998191834,0.948033876961224,0.961017435011474,1,1,1,1,1,1,1.88693063714298,1.98370141988955,1.91645843657449,1.68538995607112,2.15629196759539,1.86834736405168,2,2,2,2,2,2,1,0,0,1,0,0,1
188,189,184,230,211,170,42,88,111,105,86,68,0.223404255319149,0.465608465608466,0.603260869565217,0.456521739130435,0.407582938388626,0.4,1.08924636680777,1.13491536940998,1.0345153080006,1.10777652665609,1.03211780617872,0.899530116173781,1.08924636680777,1.13491536940998,1.0345153080006,1.10777652665609,1.03211780617872,0.899530116173781,1.08924636680777,1.13491536940998,1.0345153080006,1.10777652665609,1.03211780617872,0.899530116173781,1.08924636680777,1.13491536940998,1.0345153080006,1.10777652665609,1.03211780617872,0.899530116173781,1,1,1,1,1,1,2.16055073830916,2.36853766521054,2.19992785665016,2.09994579447357,2.50186507418516,1.79906023234756,2,2,2,2,2,2,1,0,0,1,0,0,1
154,231,160,191,166,162,41,90,100,84,67,69,0.266233766233766,0.38961038961039,0.625,0.43979057591623,0.403614457831325,0.425925925925926,1.29806910874371,0.990968754556062,1.07179513891954,1.06717738693571,1.02206846637353,0.957832994073933,1.29806910874371,0.990968754556062,1.07179513891954,1.06717738693571,1.02206846637353,0.957832994073933,1.29806910874371,0.990968754556062,1.07179513891954,1.06717738693571,1.02206846637353,0.957832994073933,1.29806910874371,0.990968754556062,1.07179513891954,1.06717738693571,1.02206846637353,0.957832994073933,1,1,1,1,1,1,2.57475650755829,1.98193750911212,2.27920453616908,2.0229844302782,2.47750536240933,1.91566598814787,2,2,2,2,2,2,1,0,0,1,0,0,1
864,817,690,997,895,920,1,2,0,0,175,0,0.00115740740740741,0.00244798041615667,0,0,0.195530726256983,0,0,0,0,0,1.20022564459253,0,0,0,0,0,1.20022564459253,0,0,0,0,0,1.20022564459253,0,0,0,0,0,1.20022564459253,0,1,1,1,1,1,1,0.0111933294422984,0.0124528101347722,0,0,1.20022564459253,0,2,2,2,2,2,2,1,0,0,1,0,0,19
157,201,196,179,184,171,0,39,0,0,38,0,0,0.194029850746269,0,0,0.206521739130435,0,0,0.987024600309073,0,0,0.890225993758129,0,0,0.987024600309073,0,0,0.890225993758129,0,0,0.987024600309073,0,0,0.890225993758129,0,0,0.987024600309073,0,0,0.890225993758129,0,1,1,1,1,1,1,0,0.987024600309073,0,0,1.26769174449043,0,2,2,2,2,2,2,1,0,0,1,0,0,11
244,324,271,293,286,321,0,10,0,0,0,0,0,0.0308641975308642,0,0,0,0,0,0.189725495996684,0,0,0,0,0,0.189725495996684,0,0,0,0,0,0.189725495996684,0,0,0,0,0,0.189725495996684,0,0,0,0,1,1,1,1,1,1,0,0.189725495996684,0,0,0,0,2,3,3,3,3,3,0,0,0,0,0,0,10
825,903,783,862,920,868,0,1,0,0,0,22,0,0.00110741971207087,0,0,0,0.0253456221198157,0,0,0,0,0,0.138964707831556,0,0,0,0,0,0.138964707831556,0,0,0,0,0,0.138964707831556,0,0,0,0,0,0.138964707831556,1,1,1,1,1,1,0,0.00680742643443252,0,0,0,0.138964707831556,2,3,3,3,3,3,0,0,0,0,0,0,8
2249,2275,1863,2483,2265,2128,0,2,0,77,1,1,0,0.000879120879120879,0,0.0310108739428111,0.000441501103752759,0.000469924812030075,0,0,0,0.181076006484128,0,0,0,0,0,0.181076006484128,0,0,0,0,0,0.181076006484128,0,0,0,0,0,0.181076006484128,0,0,1,1,1,1,1,1,0,0.00554436928356242,0,0.181076006484128,0.00306089309173628,0.00264273791206985,4,3,3,4,3,3,0,0,0,0,0,0,2
702,541,631,622,580,532,298,307,450,448,270,327,0.424501424501425,0.567467652495379,0.713153724247227,0.720257234726688,0.46551724137931,0.614661654135338,1.09750789252244,1.08727985928662,1.00085380588667,1.00785896711571,1.00765719562362,1.09434250633544,1.09750789252244,1.08727985928662,1.00085380588667,1.00785896711571,1.00765719562362,1.09434250633544,1.09750789252244,1.08727985928662,1.00085380588667,1.00785896711571,1.00765719562362,1.09434250633544,1.09750789252244,1.08727985928662,1.00085380588667,1.00785896711571,1.00765719562362,1.09434250633544,1,1,1,1,1,1,4.63511432788428,3.56087914804974,3.74315154209218,4.13024406391525,3.21375284622397,3.42781344097869,4,3,4,4,3,3,0,0,0,0,0,0,1
601,646,659,623,596,604,235,338,472,428,290,322,0.391014975041597,0.523219814241486,0.716236722306525,0.686998394863563,0.486577181208054,0.533112582781457,1.01093187545046,1.00250007820329,1.00518054532065,0.986464542051186,1.05324347690712,0.991011593949635,1.01093187545046,1.00250007820329,1.00518054532065,0.986464542051186,1.05324347690712,0.991011593949635,1.01093187545046,1.00250007820329,1.00518054532065,0.986464542051186,1.05324347690712,0.991011593949635,1.01093187545046,1.00250007820329,1.00518054532065,0.986464542051186,1.05324347690712,0.991011593949635,1,1,1,1,1,1,4.2694771056688,3.2832224324789,3.75933336733906,3.94585816820475,3.35914260958782,2.97303478184891,4,3,4,4,3,3,0,0,0,0,0,0,1
342,290,311,287,297,269,131,149,214,204,130,132,0.383040935672515,0.513793103448276,0.688102893890675,0.710801393728223,0.437710437710438,0.490706319702602,0.993219909978042,0.984438303686794,0.968812134939791,1.00160721036481,1.00726177247906,0.919014729597512,0.993219909978042,0.984438303686794,0.968812134939791,1.00160721036481,1.00726177247906,0.919014729597512,0.993219909978042,0.984438303686794,0.968812134939791,1.00160721036481,1.00726177247906,0.919014729597512,0.993219909978042,0.984438303686794,0.968812134939791,1.00160721036481,1.00726177247906,0.919014729597512,1,1,1,1,1,1,4.19467401268372,3.22406949618265,3.62331702749014,4.10462412893231,3.02178531743718,2.75704418879254,4,3,4,4,3,3,0,0,0,0,0,0,1
443,403,408,445,365,363,163,214,295,307,178,185,0.367945823927765,0.531017369727047,0.723039215686274,0.689887640449438,0.487671232876712,0.509641873278237,1.00439648840745,1.01744035716693,1.01472729682339,0.989023155323124,1.05561165779993,0.947381512823882,1.00439648840745,1.01744035716693,1.01472729682339,0.989023155323124,1.05561165779993,0.947381512823882,1.00439648840745,1.01744035716693,1.01472729682339,0.989023155323124,1.05561165779993,0.947381512823882,1.00439648840745,1.01744035716693,1.01472729682339,0.989023155323124,1.05561165779993,0.947381512823882,1,1,1,1,1,1,4.01758595362982,3.33215236286734,3.79503782027641,3.9560926212925,3.36669552353285,2.84214453847165,4,3,4,4,3,3,0,0,0,0,0,0,1
188,184,209,200,169,216,48,92,138,135,65,95,0.25531914893617,0.5,0.660287081339713,0.675,0.384615384615385,0.439814814814815,0.865823476370238,1.1585193868472,1.02442145029733,1.04690044842273,0.971394987261863,1.06390589090665,0.865823476370238,1.1585193868472,1.02442145029733,1.04690044842273,0.971394987261863,1.06390589090665,0.865823476370238,1.1585193868472,1.02442145029733,1.04690044842273,0.971394987261863,1.06390589090665,0.865823476370238,1.1585193868472,1.02442145029733,1.04690044842273,0.971394987261863,1.06390589090665,1,1,1,1,1,1,2.59747042911071,2.63891863319436,2.84613404536976,3.13019625962509,2.38053823818423,2.1278117818133,3,2,3,3,2,2,0,0,0,0,0,0,1
459,563,511,578,544,533,149,247,341,373,187,236,0.324618736383442,0.438721136767318,0.667318982387476,0.645328719723183,0.34375,0.442776735459662,1.00698976347165,1.01834266388348,1.03533129614056,1.00088137193818,1.06380302518858,1.07107073555559,1.00698976347165,1.01834266388348,1.03533129614056,1.00088137193818,1.06380302518858,1.07107073555559,1.00698976347165,1.01834266388348,1.03533129614056,1.00088137193818,1.06380302518858,1.07107073555559,1.00698976347165,1.01834266388348,1.03533129614056,1.00088137193818,1.06380302518858,1.07107073555559,1,1,1,1,1,1,3.3024846432575,2.31961886974735,2.87644469893442,2.99260080697208,2.12760605037715,2.14214147111119,3,2,3,3,2,2,0,0,0,0,0,0,1
159,179,192,189,185,199,0,24,0,0,23,0,0,0.134078212290503,0,0,0.124324324324324,0,0,0.707642985437592,0,0,0.769492900775225,0,0,0.707642985437592,0,0,0.769492900775225,0,0,0.707642985437592,0,0,0.769492900775225,0,0,0.707642985437592,0,0,0.769492900775225,0,1,1,1,1,1,1,0,0.707642985437592,0,0,0.769492900775225,0,3,2,3,3,2,2,0,0,0,0,0,0,11
843,922,886,1042,1001,909,0,0,0,36,0,0,0,0,0,0.0345489443378119,0,0,0,0,0,0.160368684450853,0,0,0,0,0,0.160368684450853,0,0,0,0,0,0.160368684450853,0,0,0,0,0,0.160368684450853,0,0,1,1,1,1,1,1,0,0,0,0.160368684450853,0,0,3,2,3,3,2,2,0,0,0,0,0,0,2
190,203,207,222,230,205,16,29,40,40,28,49,0.0842105263157895,0.142857142857143,0.193236714975845,0.18018018018018,0.121739130434783,0.239024390243902,0.856709545040025,0.753976752341244,0.832937079720339,0.835554557123813,0.753492103216572,0.856502725756292,0.856709545040025,0.753976752341244,0.832937079720339,0.835554557123813,0.753492103216572,0.856502725756292,0.856709545040025,0.753976752341244,0.832937079720339,0.835554557123813,0.753492103216572,0.856502725756292,0.856709545040025,0.753976752341244,0.832937079720339,0.835554557123813,0.753492103216572,0.856502725756292,1,1,1,1,1,1,0.856709545040025,0.753976752341244,0.832937079720339,0.835554557123813,0.753492103216572,1.15639331957443,3,2,3,3,2,2,0,0,0,0,0,0,1
974,842,820,828,870,783,287,377,525,542,351,349,0.294661190965092,0.447743467933492,0.640243902439024,0.654589371980676,0.403448275862069,0.445721583652618,0.999237925458431,1.0374389758703,0.993324881882947,1.01524430675456,1.01895984525882,0.919909599822417,0.999237925458431,1.0374389758703,0.993324881882947,1.01524430675456,1.01895984525882,0.919909599822417,0.999237925458431,1.0374389758703,0.993324881882947,1.01524430675456,1.01895984525882,0.919909599822417,0.999237925458431,1.0374389758703,0.993324881882947,1.01524430675456,1.01895984525882,0.919909599822417,1,1,1,1,1,1,2.99771377637529,2.3631171608415,2.75973893715268,3.03554548705814,2.4971025243298,2.16191068616772,3,2,3,3,2,2,0,0,0,0,0,0,1
622,700,634,652,722,703,79,53,112,138,73,89,0.127009646302251,0.0757142857142857,0.176656151419558,0.211656441717791,0.101108033240997,0.126600284495021,1.16913752714275,0.402257679312776,0.748510499028222,0.969436065572102,0.62245558688586,0.599725597538412,1.16913752714275,0.402257679312776,0.748510499028222,0.969436065572102,0.62245558688586,0.599725597538412,1.16913752714275,0.402257679312776,0.748510499028222,0.969436065572102,0.62245558688586,0.599725597538412,1.16913752714275,0.402257679312776,0.748510499028222,0.969436065572102,0.62245558688586,0.599725597538412,1,1,1,1,1,1,1.23903465067134,0.402257679312776,0.748510499028222,0.969436065572102,0.62245558688586,0.599725597538412,3,2,3,3,2,2,0,0,0,0,0,0,18
296,350,338,344,313,289,36,0,0,0,0,0,0.121621621621622,0,0,0,0,0,1.11954017737686,0,0,0,0,0,1.11954017737686,0,0,0,0,0,1.11954017737686,0,0,0,0,0,1.11954017737686,0,0,0,0,0,1,1,1,1,1,1,1.1864721133182,0,0,0,0,0,3,2,3,3,2,2,0,0,0,0,0,0,5
367,253,330,314,285,294,119,114,228,220,111,128,0.32425068119891,0.450592885375494,0.690909090909091,0.700636942675159,0.389473684210526,0.435374149659864,1.08015949184423,1.06174705335494,1.06384679852726,1.09792762636179,1.01041776480731,0.995528336732786,1.08015949184423,1.06174705335494,1.06384679852726,1.09792762636179,1.01041776480731,0.995528336732786,1.08015949184423,1.06174705335494,1.06384679852726,1.09792762636179,1.01041776480731,0.995528336732786,1.08015949184423,1.06174705335494,1.06384679852726,1.09792762636179,1.01041776480731,0.995528336732786,1,1,1,1,1,1,3.10236049062605,2.34842054612096,2.97363251383969,3.16838672218115,2.35397533839561,1.99105667346557,3,2,3,3,2,2,0,0,0,0,0,0,1
294,365,336,341,369,329,23,1,0,39,0,0,0.0782312925170068,0.00273972602739726,0,0.114369501466276,0,0,0.748500111512447,0,0,0.51719626499374,0,0,0.748500111512447,0,0,0.51719626499374,0,0,0.748500111512447,0,0,0.51719626499374,0,0,0.748500111512447,0,0,0.51719626499374,0,0,1,1,1,1,1,1,0.748500111512447,0.0142790290355348,0,0.51719626499374,0,0,3,2,3,3,2,2,0,0,0,0,0,0,9
305,488,415,374,450,395,68,185,190,184,138,149,0.222950819672131,0.379098360655738,0.457831325301205,0.491978609625668,0.306666666666667,0.377215189873418,1.03055459454425,1.0830557491111,1.01118018375695,1.07343807616998,0.981755414839309,1.0110779264606,1.03055459454425,1.0830557491111,1.01118018375695,1.07343807616998,0.981755414839309,1.0110779264606,1.03055459454425,1.0830557491111,1.01118018375695,1.07343807616998,0.981755414839309,1.0110779264606,1.03055459454425,1.0830557491111,1.01118018375695,1.07343807616998,0.981755414839309,1.0110779264606,1,1,1,1,1,1,2.18305886685732,2.39038085980179,2.19270784242418,2.43467827573266,2.1446107683272,2.11777822698602,2,2,2,2,2,2,1,1,1,1,1,1,1
1020,1173,1001,894,1031,997,191,384,446,421,318,367,0.187254901960784,0.327365728900256,0.445554445554446,0.470917225950783,0.308438409311348,0.368104312938816,1.02000636834007,1.01259140274344,1.02622563630194,1.08628208935164,1.09935445019402,1.04684135959988,1.02000636834007,1.01259140274344,1.02622563630194,1.08628208935164,1.09935445019402,1.04684135959988,1.02000636834007,1.01259140274344,1.02622563630194,1.08628208935164,1.09935445019402,1.04684135959988,1.02000636834007,1.01259140274344,1.02622563630194,1.08628208935164,1.09935445019402,1.04684135959988,1,1,1,1,1,1,1.77263153357315,1.92338258584172,1.99529545591047,2.19191401085516,2.05954651632776,1.97331646685205,2,2,2,2,2,2,1,1,1,1,1,1,1
576,766,679,745,735,714,127,275,275,344,211,253,0.220486111111111,0.359007832898172,0.40500736377025,0.461744966442953,0.287074829931973,0.354341736694678,1.20311063013678,1.11191677471394,0.932835355452213,1.06943053258781,1.02320911500303,1.00911568873445,1.20311063013678,1.11191677471394,0.932835355452213,1.06943053258781,1.02320911500303,1.00911568873445,1.20311063013678,1.11191677471394,0.932835355452213,1.06943053258781,1.02320911500303,1.00911568873445,1.20311063013678,1.11191677471394,0.932835355452213,1.06943053258781,1.02320911500303,1.00911568873445,1,1,1,1,1,1,2.0908416923202,2.11204771795987,1.81371628227264,2.15791072226425,1.91689474482718,1.90220283835514,2,2,2,2,2,2,1,1,1,1,1,1,1
521,603,579,488,550,471,122,209,256,227,160,176,0.234165067178503,0.346600331674959,0.442141623488774,0.46516393442623,0.290909090909091,0.373673036093418,1.13151132005728,0.995563391977161,0.963311063882967,0.997042545858351,1.00886974395813,0.981127273337768,1.13151132005728,0.995563391977161,0.963311063882967,0.997042545858351,1.00886974395813,0.981127273337768,1.13151132005728,0.995563391977161,0.963311063882967,0.997042545858351,1.00886974395813,0.981127273337768,1.13151132005728,0.995563391977161,0.963311063882967,0.997042545858351,1.00886974395813,0.981127273337768,1,1,1,1,1,1,2.24775397809794,2.13937657677465,2.10707445924159,2.27926788639042,2.01773948791627,2.09312082445571,2,2,2,2,2,2,1,1,1,1,1,1,1
746,815,698,771,737,775,0,128,0,0,116,0,0,0.157055214723926,0,0,0.157394843962008,0,0,0.969416982427422,0,0,1.00591316491769,0,0,0.969416982427422,0,0,1.00591316491769,0,0,0.969416982427422,0,0,1.00591316491769,0,0,0.969416982427422,0,0,1.00591316491769,0,1,1,1,1,1,1,0,0.969416982427422,0,0,1.09168740950694,0,2,2,2,2,2,2,1,1,1,1,1,1,11
336,451,384,415,382,403,48,88,104,76,47,75,0.142857142857143,0.195121951219512,0.270833333333333,0.183132530120482,0.12303664921466,0.186104218362283,1.3712878484649,1.04828220420411,1.08705358115418,0.897335463833639,0.853379675435791,1.0183751854455,1.3712878484649,1.04828220420411,1.08705358115418,0.897335463833639,0.853379675435791,1.0183751854455,1.3712878484649,1.04828220420411,1.08705358115418,0.897335463833639,0.853379675435791,1.0183751854455,1.3712878484649,1.04828220420411,1.08705358115418,0.897335463833639,0.853379675435791,1.0183751854455,1,1,1,1,1,1,1.3712878484649,1.20438237908285,1.29068599078055,0.897335463833639,0.853379675435791,1.04245845257018,2,2,2,2,2,2,1,1,1,1,1,1,1
295,368,304,352,344,324,26,0,0,0,0,0,0.088135593220339,0,0,0,0,0,0.813423154605134,0,0,0,0,0,0.813423154605134,0,0,0,0,0,0.813423154605134,0,0,0,0,0,0.813423154605134,0,0,0,0,0,1,1,1,1,1,1,0.813423154605134,0,0,0,0,0,2,2,2,2,2,2,1,1,1,1,1,1,5
90,107,137,138,137,133,16,44,65,65,40,43,0.177777777777778,0.411214953271028,0.474452554744526,0.471014492753623,0.291970802919708,0.323308270676692,0.86286631905832,1.19439165019484,1.04704742249715,1.01565389299873,1.00413843351917,0.896436891368447,0.86286631905832,1.19439165019484,1.04704742249715,1.01565389299873,1.00413843351917,0.896436891368447,0.86286631905832,1.19439165019484,1.04704742249715,1.01565389299873,1.00413843351917,0.896436891368447,0.86286631905832,1.19439165019484,1.04704742249715,1.01565389299873,1.00413843351917,0.896436891368447,1,1,1,1,1,1,1.72573263811664,2.4860517638552,2.24382163866929,2.27497628439101,2.00827686703835,1.79287378273689,2,2,2,2,2,2,1,1,1,1,1,1,1
992,1317,1135,1150,1205,1154,0,0,0,42,0,0,0,0,0,0.0365217391304348,0,0,0,0,0,0.176398161128165,0,0,0,0,0,0.176398161128165,0,0,0,0,0,0.176398161128165,0,0,0,0,0,0.176398161128165,0,0,1,1,1,1,1,1,0,0,0,0.176398161128165,0,0,2,2,2,2,2,2,1,1,1,1,1,1,2
488,560,439,499,530,481,0,0,0,0,0,28,0,0,0,0,0,0.0582120582120582,0,0,0,0,0,0.322809165348943,0,0,0,0,0,0.322809165348943,0,0,0,0,0,0.322809165348943,0,0,0,0,0,0.322809165348943,1,1,1,1,1,1,0,0,0,0,0,0.322809165348943,2,2,2,2,2,2,1,1,1,1,1,1,4
898,864,761,745,867,738,75,152,185,164,126,142,0.0835189309576837,0.175925925925926,0.243101182654402,0.220134228187919,0.145328719723183,0.192411924119241,0.810738815930354,0.983489264518127,1.00585815679583,1.06323723837558,1.00077584523141,0.995691153327644,0.810738815930354,0.983489264518127,1.00585815679583,1.06323723837558,1.00077584523141,0.995691153327644,0.810738815930354,0.983489264518127,1.00585815679583,1.06323723837558,1.00077584523141,0.995691153327644,0.810738815930354,0.983489264518127,1.00585815679583,1.06323723837558,1.00077584523141,0.995691153327644,1,1,1,1,1,1,0.810738815930354,1.06358233079075,1.14969492433181,1.06323723837558,1.00077584523141,1.06700114264729,2,2,2,2,2,2,1,1,1,1,1,1,1
900,1026,960,894,1003,1038,68,171,201,154,139,169,0.0755555555555556,0.166666666666667,0.209375,0.172259507829978,0.138584247258225,0.16281310211946,0.772339151755182,0.994729192930163,0.992286027779853,0.830236220478507,0.960046472410044,0.907599602014377,0.772339151755182,0.994729192930163,0.992286027779853,0.830236220478507,0.960046472410044,0.907599602014377,0.772339151755182,0.994729192930163,0.992286027779853,0.830236220478507,0.960046472410044,0.907599602014377,0.772339151755182,0.994729192930163,0.992286027779853,0.830236220478507,0.960046472410044,0.907599602014377,1,1,1,1,1,1,0.772339151755182,1.01402733569074,0.992286027779853,0.830236220478507,0.960046472410044,0.907599602014377,2,2,2,2,2,2,1,1,1,1,1,1,1
725,749,688,671,741,732,72,123,134,139,114,149,0.0993103448275862,0.164218958611482,0.194767441860465,0.207153502235469,0.153846153846154,0.203551912568306,0.940752918939228,1.01751368848369,0.92465947086019,0.996817702820342,1.03683185373197,0.994709778456294,0.940752918939228,1.01751368848369,0.92465947086019,0.996817702820342,1.03683185373197,0.994709778456294,0.940752918939228,1.01751368848369,0.92465947086019,0.996817702820342,1.03683185373197,0.994709778456294,0.940752918939228,1.01751368848369,0.92465947086019,0.996817702820342,1.03683185373197,0.994709778456294,1,1,1,1,1,1,0.940752918939228,1.01751368848369,0.92465947086019,0.996817702820342,1.05483854273846,1.14291090966122,2,2,2,2,2,2,1,1,1,1,1,1,1
